1 0.25234375 0.46328125 0.119921875 0.330078125
1 0.38125 0.065625 0.11328125 0.11015625
1 0.521875 0.075 0.13046875 0.15
1 0.68125 0.04296875 0.09375 0.079296875
1 0.43515625 0.81171875 0.0796875 0.0921875
1 0.19921875 0.7953125 0.167578125 0.087109375
1 0.96015625 0.69765625 0.0625 0.128125
0 0.0953125 0.3640625 0.103515625 0.519140625
0 0.8640625 0.87578125 0.196484375 0.1203125
0 0.23359375 0.88046875 0.3203125 0.098046875
0 0.46171875 0.90234375 0.094921875 0.0578125
1 0.97734375 0.321875 0.0375 0.53125
1 0.05234375 0.7078125 0.044921875 0.087890625
1 0.22421875 0.01796875 0.10859375 0.0359375