0 0.64375 0.503125 0.06796875 0.22421875
0 0.55390625 0.41171875 0.0546875 0.223046875
0 0.44921875 0.30234375 0.048046875 0.2140625
0 0.5234375 0.82578125 0.069140625 0.260546875
0 0.43203125 0.73515625 0.070703125 0.24375
0 0.2515625 0.534375 0.059765625 0.2375
0 0.9109375 0.83515625 0.06953125 0.23671875
0 0.36875 0.1984375 0.03828125 0.18125
0 0.290625 0.1 0.03828125 0.199609375
1 0.646875 0.14765625 0.32578125 0.26875
1 0.72265625 0.3421875 0.08671875 0.13359375
1 0.94140625 0.35078125 0.092578125 0.692578125
1 0.20078125 0.915625 0.401171875 0.15
0 0.10390625 0.7625 0.04375 0.1859375
0 0.16484375 0.75703125 0.0546875 0.153125
0 0.1671875 0.4578125 0.069140625 0.252734375
1 0.05078125 0.58046875 0.0875 0.1609375
1 0.3359375 0.63828125 0.071484375 0.346875
1 0.05859375 0.2015625 0.1171875 0.378125
1 0.22265625 0.071875 0.06484375 0.11796875
1 0.4078125 0.27578125 0.03359375 0.35390625
1 0.50234375 0.41640625 0.0359375 0.263671875
1 0.3109375 0.28515625 0.094140625 0.082421875
1 0.775 0.93828125 0.05625 0.1
1 0.840625 0.84765625 0.041015625 0.048046875
1 0.8625 0.675 0.03984375 0.0671875
1 0.24453125 0.74375 0.07578125 0.140625