0 0.35625 0.503125 0.0671875 0.2234375
0 0.44609375 0.41171875 0.0546875 0.223046875
0 0.55078125 0.30234375 0.048046875 0.2140625
0 0.4765625 0.82578125 0.069140625 0.260546875
0 0.56796875 0.73515625 0.070703125 0.24375
0 0.7484375 0.534375 0.059765625 0.2375
0 0.0890625 0.83515625 0.069140625 0.236328125
0 0.63125 0.1984375 0.037890625 0.18125
0 0.709375 0.1 0.03828125 0.199609375
1 0.353125 0.14765625 0.32578125 0.26875
1 0.27734375 0.3421875 0.08671875 0.13359375
1 0.05859375 0.35078125 0.092578125 0.692578125
1 0.79921875 0.915625 0.401171875 0.15
0 0.89609375 0.7625 0.04375 0.18671875
0 0.83515625 0.75703125 0.0546875 0.153125
0 0.8328125 0.4578125 0.069140625 0.252734375
1 0.94921875 0.58046875 0.0875 0.1609375
1 0.6640625 0.63828125 0.07109375 0.346875
1 0.94140625 0.2015625 0.1171875 0.378125
1 0.77734375 0.071875 0.064453125 0.118359375
1 0.5921875 0.27578125 0.033984375 0.354296875
1 0.49765625 0.41640625 0.0359375 0.26328125
1 0.6890625 0.28515625 0.094140625 0.082421875
1 0.225 0.93828125 0.05625 0.1
1 0.159375 0.84765625 0.041015625 0.048046875
1 0.1375 0.675 0.040234375 0.06796875
1 0.75546875 0.74375 0.076171875 0.140625