0 0.64375 0.496875 0.06796875 0.22421875
0 0.55390625 0.58828125 0.0546875 0.223046875
0 0.44921875 0.69765625 0.048046875 0.2140625
0 0.5234375 0.17421875 0.069140625 0.260546875
0 0.43203125 0.26484375 0.070703125 0.24375
0 0.2515625 0.465625 0.059765625 0.2375
0 0.9109375 0.16484375 0.06953125 0.23671875
0 0.36875 0.8015625 0.037890625 0.18125
0 0.290625 0.9 0.0390625 0.19921875
1 0.646875 0.85234375 0.32578125 0.26875
1 0.72265625 0.6578125 0.086328125 0.133984375
1 0.94140625 0.64921875 0.092578125 0.692578125
1 0.20078125 0.084375 0.401171875 0.15
0 0.10390625 0.2375 0.04375 0.18671875
0 0.16484375 0.24296875 0.0546875 0.153125
0 0.1671875 0.5421875 0.06953125 0.25234375
1 0.05078125 0.41953125 0.0875 0.1609375
1 0.3359375 0.36171875 0.071484375 0.346875
1 0.05859375 0.7984375 0.1171875 0.378125
1 0.22265625 0.928125 0.064453125 0.118359375
1 0.4078125 0.72421875 0.033984375 0.354296875
1 0.50234375 0.58359375 0.0359375 0.26328125
1 0.3109375 0.71484375 0.09453125 0.08203125
1 0.775 0.06171875 0.05625 0.1
1 0.840625 0.15234375 0.041015625 0.048046875
1 0.8625 0.325 0.040234375 0.06796875
1 0.24453125 0.25625 0.076171875 0.140625