0 0.71015625 0.40703125 0.2265625 0.317578125
0 0.115625 0.82734375 0.18046875 0.2609375
0 0.4046875 0.3234375 0.481640625 0.646484375
1 0.096875 0.33515625 0.180859375 0.6109375
0 0.8609375 0.73515625 0.19765625 0.228125
1 0.72890625 0.81875 0.0671875 0.11328125
1 0.55703125 0.6109375 0.0625 0.13203125
1 0.43671875 0.8796875 0.063671875 0.10859375
0 0.378125 0.87734375 0.103125 0.201953125
1 0.89765625 0.0609375 0.1921875 0.109765625
0 0.9421875 0.24765625 0.115625 0.2453125
0 0.9703125 0.871875 0.058984375 0.13671875
1 0.41015625 0.5421875 0.051171875 0.1375
1 0.246875 0.16328125 0.075 0.298046875
1 0.37265625 0.06015625 0.160546875 0.094921875
1 0.24453125 0.91796875 0.125 0.109375