1 0.74765625 0.53671875 0.11953125 0.33046875
1 0.61875 0.934375 0.112890625 0.109765625
1 0.478125 0.925 0.13046875 0.15
1 0.31875 0.95703125 0.09375 0.079296875
1 0.56484375 0.18828125 0.0796875 0.0921875
1 0.80078125 0.2046875 0.16796875 0.08671875
1 0.03984375 0.30234375 0.0625 0.128125
0 0.9046875 0.6359375 0.10390625 0.51953125
0 0.1359375 0.12421875 0.196484375 0.1203125
0 0.76640625 0.11953125 0.3203125 0.098046875
0 0.53828125 0.09765625 0.094921875 0.0578125
1 0.02265625 0.678125 0.0375 0.53125
1 0.94765625 0.2921875 0.044921875 0.087890625
1 0.77578125 0.98203125 0.10859375 0.0359375