1 0.74765625 0.46328125 0.11953125 0.33046875
1 0.61875 0.065625 0.112890625 0.109765625
1 0.478125 0.075 0.13046875 0.15
1 0.31875 0.04296875 0.09375 0.079296875
1 0.56484375 0.81171875 0.0796875 0.0921875
1 0.80078125 0.7953125 0.16796875 0.08671875
1 0.03984375 0.69765625 0.0625 0.128125
0 0.9046875 0.3640625 0.103515625 0.519140625
0 0.1359375 0.87578125 0.196484375 0.1203125
0 0.76640625 0.88046875 0.3203125 0.09765625
0 0.53828125 0.90234375 0.094921875 0.0578125
1 0.02265625 0.321875 0.0375 0.53125
1 0.94765625 0.7078125 0.04453125 0.08828125
1 0.77578125 0.01796875 0.108203125 0.0359375