0 0.10859375 0.28359375 0.2078125 0.51796875
0 0.56328125 0.32265625 0.3359375 0.6453125
1 0.33984375 0.61875 0.114453125 0.177734375
1 0.9515625 0.69765625 0.084375 0.226171875
1 0.46171875 0.7625 0.10625 0.20078125
1 0.053125 0.8484375 0.0875 0.1328125
1 0.15625 0.89453125 0.05859375 0.17265625
1 0.965625 0.09296875 0.05546875 0.1828125
1 0.784375 0.06171875 0.087109375 0.1234375
1 0.3125 0.109375 0.1375 0.21875
1 0.61640625 0.60078125 0.115625 0.16796875
1 0.92109375 0.43046875 0.1328125 0.225
0 0.76328125 0.68515625 0.21328125 0.55078125
1 0.3671875 0.9390625 0.484375 0.121875
1 0.2703125 0.3828125 0.041015625 0.146875
1 0.33828125 0.4234375 0.065625 0.059375
1 0.025 0.65859375 0.05 0.2046875