0 0.28046875 0.15 0.09453125 0.1140625
0 0.265625 0.309375 0.081640625 0.10546875
0 0.27734375 0.671875 0.088671875 0.119140625
0 0.43515625 0.7078125 0.189453125 0.196484375
0 0.35625 0.3796875 0.081640625 0.119140625
0 0.49453125 0.1671875 0.09453125 0.1171875
0 0.4359375 0.03125 0.07890625 0.0625
1 0.71171875 0.29609375 0.1609375 0.134375
1 0.71875 0.87890625 0.17578125 0.2328125
0 0.5921875 0.79375 0.103515625 0.0875
0 0.6390625 0.7078125 0.078515625 0.069140625
0 0.66328125 0.42265625 0.057421875 0.073828125
0 0.11328125 0.56328125 0.088671875 0.090625
0 0.1015625 0.85859375 0.13984375 0.132421875
1 0.3125 0.8484375 0.1015625 0.12109375
1 0.58359375 0.91875 0.073828125 0.08671875
1 0.596875 0.37265625 0.071875 0.0890625
1 0.1046875 0.4203125 0.081640625 0.084765625
1 0.28046875 0.5515625 0.1125 0.08359375
1 0.75625 0.1171875 0.077734375 0.106640625
1 0.60703125 0.2 0.04765625 0.06171875
1 0.56640625 0.2734375 0.03359375 0.03828125
1 0.25 0.97734375 0.07421875 0.044921875
1 0.09765625 0.1671875 0.101953125 0.194140625