0 0.71953125 0.15 0.094921875 0.11328125
0 0.734375 0.309375 0.081640625 0.10546875
0 0.72265625 0.671875 0.08828125 0.11953125
0 0.56484375 0.7078125 0.189453125 0.196484375
0 0.64375 0.3796875 0.081640625 0.119140625
0 0.50546875 0.1671875 0.094921875 0.11640625
0 0.5640625 0.03125 0.07890625 0.0625
1 0.28828125 0.29609375 0.1609375 0.134375
1 0.28125 0.87890625 0.175390625 0.2328125
0 0.4078125 0.79375 0.103515625 0.0875
0 0.3609375 0.7078125 0.07890625 0.06953125
0 0.33671875 0.42265625 0.057421875 0.073828125
0 0.88671875 0.56328125 0.088671875 0.090625
0 0.8984375 0.85859375 0.1390625 0.13203125
1 0.6875 0.8484375 0.1015625 0.12109375
1 0.41640625 0.91875 0.07421875 0.0859375
1 0.403125 0.37265625 0.071875 0.0890625
1 0.8953125 0.4203125 0.081640625 0.084765625
1 0.71953125 0.5515625 0.1125 0.08359375
1 0.24375 0.1171875 0.077734375 0.106640625
1 0.39296875 0.2 0.048046875 0.062109375
1 0.43359375 0.2734375 0.033203125 0.037890625
1 0.75 0.97734375 0.07421875 0.044921875
1 0.90234375 0.1671875 0.101953125 0.194140625