0 0.71953125 0.85 0.094921875 0.11328125
0 0.734375 0.690625 0.081640625 0.10546875
0 0.72265625 0.328125 0.08828125 0.11953125
0 0.56484375 0.2921875 0.189453125 0.196484375
0 0.64375 0.6203125 0.081640625 0.119140625
0 0.50546875 0.8328125 0.09453125 0.1171875
0 0.5640625 0.96875 0.0796875 0.0625
1 0.28828125 0.70390625 0.1609375 0.134375
1 0.28125 0.12109375 0.17578125 0.2328125
0 0.4078125 0.20625 0.103515625 0.0875
0 0.3609375 0.2921875 0.078515625 0.069140625
0 0.33671875 0.57734375 0.057421875 0.073828125
0 0.88671875 0.43671875 0.088671875 0.090625
0 0.8984375 0.14140625 0.13984375 0.132421875
1 0.6875 0.1515625 0.10078125 0.121484375
1 0.41640625 0.08125 0.07421875 0.0859375
1 0.403125 0.62734375 0.071875 0.0890625
1 0.8953125 0.5796875 0.08203125 0.08515625
1 0.71953125 0.4484375 0.1125 0.08359375
1 0.24375 0.8828125 0.077734375 0.106640625
1 0.39296875 0.8 0.048046875 0.062109375
1 0.43359375 0.7265625 0.033203125 0.037890625
1 0.75 0.02265625 0.07421875 0.044921875
1 0.90234375 0.8328125 0.101953125 0.194140625