0 0.28984375 0.59296875 0.2265625 0.317578125
0 0.884375 0.17265625 0.18046875 0.2609375
0 0.5953125 0.6765625 0.481640625 0.646484375
1 0.903125 0.66484375 0.180859375 0.6109375
0 0.1390625 0.26484375 0.197265625 0.228125
1 0.27109375 0.18125 0.0671875 0.11328125
1 0.44296875 0.3890625 0.0625 0.131640625
1 0.56328125 0.1203125 0.06328125 0.1078125
0 0.621875 0.12265625 0.103125 0.201953125
1 0.10234375 0.9390625 0.1921875 0.109765625
0 0.0578125 0.75234375 0.115625 0.2453125
0 0.0296875 0.128125 0.058984375 0.13671875
1 0.58984375 0.4578125 0.05078125 0.1375
1 0.753125 0.83671875 0.075 0.298046875
1 0.62734375 0.93984375 0.160546875 0.094921875
1 0.75546875 0.08203125 0.125 0.109375