0 0.53984375 0.6890625 0.30625 0.296875
0 0.0984375 0.77265625 0.175 0.2625
0 0.8328125 0.61875 0.15703125 0.31015625
0 0.0765625 0.3015625 0.091015625 0.19765625
1 0.35859375 0.20078125 0.0671875 0.2046875
1 0.475 0.17421875 0.109765625 0.30625
1 0.4640625 0.41875 0.359765625 0.196484375
1 0.67890625 0.23203125 0.283203125 0.426953125
1 0.165625 0.12734375 0.109375 0.223828125
1 0.0328125 0.50859375 0.062109375 0.207421875
1 0.9171875 0.35234375 0.1625 0.490625
1 0.76640625 0.92578125 0.140625 0.148046875
1 0.953125 0.909375 0.090625 0.18125
1 0.0734375 0.95390625 0.053125 0.0921875
1 0.1984375 0.596875 0.037109375 0.10625
1 0.29453125 0.06015625 0.05 0.083203125
1 0.0484375 0.10546875 0.083984375 0.176953125
0 0.31796875 0.74609375 0.157421875 0.339453125