0 0.46015625 0.6890625 0.30625 0.296875
0 0.9015625 0.77265625 0.175 0.2625
0 0.1671875 0.61875 0.156640625 0.309765625
0 0.9234375 0.3015625 0.091015625 0.19765625
1 0.64140625 0.20078125 0.0671875 0.2046875
1 0.525 0.17421875 0.109765625 0.30625
1 0.5359375 0.41875 0.359765625 0.196484375
1 0.32109375 0.23203125 0.283203125 0.426953125
1 0.834375 0.12734375 0.109375 0.223828125
1 0.9671875 0.50859375 0.06171875 0.20703125
1 0.0828125 0.35234375 0.1625 0.490625
1 0.23359375 0.92578125 0.140625 0.148046875
1 0.046875 0.909375 0.090625 0.18125
1 0.9265625 0.95390625 0.053125 0.0921875
1 0.8015625 0.596875 0.03671875 0.10625
1 0.70546875 0.06015625 0.05 0.08359375
1 0.9515625 0.10546875 0.083984375 0.176953125
0 0.68203125 0.74609375 0.157421875 0.339453125