0 0.53984375 0.3109375 0.30625 0.296875
0 0.0984375 0.22734375 0.175 0.2625
0 0.8328125 0.38125 0.15703125 0.31015625
0 0.0765625 0.6984375 0.09140625 0.1984375
1 0.35859375 0.79921875 0.0671875 0.2046875
1 0.475 0.82578125 0.109765625 0.30625
1 0.4640625 0.58125 0.359765625 0.196484375
1 0.67890625 0.76796875 0.28359375 0.42734375
1 0.165625 0.87265625 0.109375 0.223828125
1 0.0328125 0.49140625 0.062109375 0.207421875
1 0.9171875 0.64765625 0.1625 0.490625
1 0.76640625 0.07421875 0.140625 0.148046875
1 0.953125 0.090625 0.090625 0.18125
1 0.0734375 0.04609375 0.053125 0.0921875
1 0.1984375 0.403125 0.037109375 0.10625
1 0.29453125 0.93984375 0.05 0.083203125
1 0.0484375 0.89453125 0.083984375 0.176953125
0 0.31796875 0.25390625 0.157421875 0.339453125