0 0.41328125 0.71953125 0.38125 0.43125
0 0.57890625 0.24453125 0.590625 0.465625
0 0.16796875 0.29921875 0.203125 0.19453125
0 0.803125 0.7921875 0.21484375 0.3578125
0 0.12578125 0.77734375 0.196875 0.20625
0 0.1875 0.60859375 0.07734375 0.165625
1 0.11015625 0.5140625 0.18828125 0.24921875
1 0.8 0.56875 0.15859375 0.13671875
1 0.6203125 0.52421875 0.1546875 0.184375
1 0.0640625 0.096875 0.1203125 0.1734375
1 0.96328125 0.534375 0.0734375 0.8140625
1 0.09296875 0.94609375 0.10390625 0.0859375
1 0.4140625 0.965625 0.1109375 0.06796875
0 0.6359375 0.85625 0.0609375 0.0984375