0 0.209375 0.3296875 0.32421875 0.4046875
0 0.90078125 0.25234375 0.153125 0.19140625
0 0.74140625 0.1640625 0.17265625 0.1828125
0 0.63515625 0.6578125 0.359375 0.62734375
1 0.1890625 0.76484375 0.3421875 0.45390625
1 0.215625 0.07109375 0.2234375 0.11875
1 0.4734375 0.19765625 0.2234375 0.246875
1 0.4 0.46171875 0.1734375 0.14140625
1 0.78359375 0.59765625 0.06640625 0.14765625
1 0.86796875 0.92734375 0.09453125 0.13828125
1 0.81875 0.43828125 0.0859375 0.090625
1 0.8796875 0.66796875 0.04609375 0.05625
1 0.75703125 0.8515625 0.053125 0.0578125
1 0.95703125 0.39765625 0.03828125 0.053125
1 0.9828125 0.57734375 0.034375 0.04453125
1 0.9453125 0.0890625 0.09296875 0.1546875
1 0.4484375 0.8828125 0.11796875 0.1203125
0 0.48359375 0.04921875 0.24765625 0.08203125