0 0.075 0.41328125 0.1265625 0.384375
1 0.546875 0.12578125 0.3546875 0.23515625
0 0.52734375 0.54140625 0.225 0.34140625
0 0.8546875 0.67109375 0.2328125 0.415625
0 0.07578125 0.91171875 0.1515625 0.1765625
0 0.275 0.94296875 0.16171875 0.1140625
0 0.425 0.9609375 0.0796875 0.0734375
1 0.21015625 0.22421875 0.10703125 0.15390625
1 0.41875 0.29453125 0.1296875 0.1
1 0.79296875 0.26875 0.08125 0.1109375
1 0.878125 0.3703125 0.1453125 0.18984375
1 0.79375 0.09609375 0.04921875 0.175
1 0.16015625 0.03671875 0.096875 0.07265625
1 0.28515625 0.746875 0.05390625 0.0671875
1 0.553125 0.7921875 0.1140625 0.11484375
1 0.48828125 0.91328125 0.115625 0.12578125
1 0.64375 0.97734375 0.08125 0.0453125
1 0.8578125 0.92890625 0.07421875 0.07578125
1 0.70078125 0.56953125 0.06015625 0.165625
1 0.67734375 0.771875 0.06875 0.15234375
1 0.16171875 0.6984375 0.05 0.0921875
1 0.978125 0.1359375 0.0265625 0.08359375
1 0.0625 0.671875 0.11171875 0.1015625