0 0.31015625 0.37578125 0.20625 0.35625
0 0.71953125 0.46953125 0.14453125 0.20703125
0 0.58359375 0.73203125 0.16640625 0.240625
0 0.434375 0.1828125 0.2234375 0.2828125
0 0.071875 0.80859375 0.1234375 0.221875
0 0.1890625 0.63671875 0.12734375 0.20625
0 0.79921875 0.87578125 0.1296875 0.2484375
1 0.3578125 0.79765625 0.1953125 0.290625
1 0.5484375 0.47734375 0.1671875 0.278125
1 0.1546875 0.2984375 0.0828125 0.2015625
1 0.34453125 0.20390625 0.103125 0.184375
1 0.84375 0.3109375 0.3125 0.10546875
1 0.6015625 0.93828125 0.1796875 0.11328125