1 0.8579837328767124 0.07940924657534246 0.9211258561643836 0.0451626712328767 0.968214897260274 0.24850171232876708 0.9007919520547946 0.284888698630137
1 0.4673587328767123 0.07084760273972601 0.5112371575342465 0.29666095890410954 0.5647474315068493 0.2838184931506849 0.5476241438356164 0.044092465753424646
1 0.4042166095890411 0.148972602739726 0.4641481164383562 0.1468321917808219 0.45344606164383555 0.3865582191780822 0.3988655821917808 0.3715753424657534
1 0.23405393835616434 0.3555222602739726 0.21907106164383555 0.4475599315068493 0.22335188356164384 0.5652825342465754 0.2672303082191781 0.579195205479452 0.2790025684931507 0.4475599315068493 0.28114297945205474 0.35873287671232873
1 0.12275256849315061 0.44541952054794515 0.15592893835616434 0.675513698630137 0.21264982876712324 0.6476883561643836 0.1794734589041096 0.4325770547945205
1 0.3453553082191781 0.7204623287671232 0.3517765410958904 0.8799229452054794 0.383882705479452 0.8895547945205479 0.3870933219178082 0.7129708904109588
1 0.5315710616438356 0.4903681506849315 0.5272902397260275 0.695847602739726 0.5733090753424657 0.6904965753424658 0.577589897260274 0.4935787671232877 0.5433433219178083 0.4775256849315069
1 0.6086258561643836 0.3951198630136986 0.6268193493150684 0.6048801369863013 0.678189212328767 0.5995291095890412 0.6621361301369862 0.3897688356164383
1 0.26294948630136983 0.8071489726027398 0.3046875 0.8028681506849316 0.32288099315068497 0.9730308219178083 0.27579195205479445 0.970890410958904
0 0.49411386986301375 0.752568493150685 0.5144477739726027 0.7686215753424658 0.5123073630136986 0.7803938356164384 0.5240796232876713 0.7761130136986301 0.5283604452054794 0.754708904109589 0.5347816780821917 0.7514982876712328 0.5379922945205479 0.7258133561643836 0.5422731164383562 0.7183219178082192 0.558326198630137 0.7076198630136986 0.5668878424657533 0.7011986301369862 0.578660102739726 0.7011986301369862 0.5915025684931507 0.6979880136986301 0.6075556506849316 0.693707191780822 0.6439426369863014 0.675513698630137 0.657855308219178 0.6626712328767124 0.6653467465753424 0.6605308219178082 0.6856806506849316 0.674443493150685 0.6771190068493151 0.638056506849315 0.6803296232876713 0.6134417808219178 0.6878210616438356 0.597388698630137 0.7038741438356164 0.597388698630137 0.7209974315068493 0.5888270547945205 0.7413313356164384 0.5813356164383562 0.7680864726027398 0.5909674657534246 0.7702268835616438 0.6198630136986301 0.7787885273972602 0.6466181506849316 0.792701198630137 0.6658818493150684 0.794841609589041 0.6840753424657534 0.7670162671232876 0.6915667808219178 0.734910102739726 0.7076198630136986 0.734910102739726 0.7290239726027397 0.7605950342465754 0.7322345890410958 0.7766481164383562 0.7247431506849316 0.7937714041095891 0.7258133561643836 0.8034032534246576 0.7472174657534246 0.8044734589041095 0.7611301369863013 0.8098244863013699 0.7878852739726028 0.8108946917808219 0.7964469178082192 0.8151755136986301 0.8349743150684932 0.8162457191780822 0.8563784246575341 0.8151755136986301 0.8981164383561644 0.775577910958904 0.912029109589041 0.7648758561643836 0.9430650684931507 0.7627354452054794 0.9698202054794521 0.7445419520547946 0.9826626712328768 0.7231378424657533 0.9944349315068493 0.6835402397260275 0.9944349315068493 0.6481842180365295 0.9984375 0.5808005136986301 0.9955051369863014 0.5347816780821917 0.9955051369863014 0.5251498287671232 0.9912243150684932 0.5272902397260275 0.9676797945205479 0.5272902397260275 0.949486301369863 0.501605308219178 0.9409246575342465 0.48983304794520544 0.9526969178082192 0.47806078767123295 0.9484160958904109 0.46842893835616445 0.9441352739726027 0.4299015410958904 0.9409246575342465 0.4149186643835616 0.9644691780821917 0.36889982876712324 0.96875 0.3977953767123288 0.9409246575342465 0.4299015410958904 0.9270119863013699 0.45665667808219174 0.9056078767123287 0.4716395547945206 0.8831335616438356 0.4737799657534246 0.869220890410959 0.48448202054794526 0.8424657534246576 0.48876284246575336 0.8306934931506849 0.4919734589041095 0.8071489726027398 0.4919734589041095 0.7985873287671232 0.4876926369863014 0.7696917808219178
0 0.9607234589041095 0.32769691780821913 0.951091609589041 0.3758561643835616 0.951091609589041 0.4497003424657534 0.946810787671233 0.49250856164383555 0.9361087328767124 0.537457191780822 0.9286172945205479 0.5749143835616438 0.912564212328767 0.6145119863013698 0.8986515410958903 0.6605308219178082 0.8975813356164384 0.6840753424657534 0.8943707191780822 0.7482876712328766 0.9382491438356164 0.7065496575342466 0.9414597602739725 0.658390410958904 0.9521618150684932 0.6113013698630136 0.9532320205479452 0.5695633561643836 0.9596532534246576 0.5235445205479452 0.968214897260274 0.49250856164383555 0.968214897260274 0.4721746575342466 0.9821275684931507 0.43899828767123283 0.9896190068493151 0.402611301369863 0.990689212328767 0.3737157534246575 0.9724957191780822 0.3458904109589041
0 0.8986515410958903 0.7675513698630136 0.9243364726027398 0.7803938356164384 0.9339683219178083 0.7900256849315068 0.9436001712328768 0.8092893835616438 0.9500214041095891 0.8221318493150684 0.946810787671233 0.8670804794520548 0.9436001712328768 0.8724315068493151 0.9361087328767124 0.9173801369863014 0.9425299657534246 0.9323630136986301 0.9735659246575341 0.9773116438356164 0.9678043275217932 0.9984375 0.9446703767123287 0.990154109589041 0.9307577054794521 0.9762414383561644 0.9136344178082192 0.9591181506849316 0.908283390410959 0.9430650684931507 0.908283390410959 0.9109589041095891 0.9072131849315068 0.8991866438356164 0.9093535958904109 0.8467465753424657 0.9093535958904109 0.831763698630137 0.9093535958904109 0.8050085616438356 0.9093535958904109 0.7964469178082192
1 0.1548587328767123 0.17144691780821916 0.1484375 0.22174657534246572 0.1848244863013698 0.22816780821917804 0.19017551369863012 0.18321917808219176
1 0.10027825342465749 0.1500428082191781 0.08636558219178081 0.20890410958904107 0.11847174657534243 0.21960616438356162 0.12917380136986303 0.1703767123287671
1 0.15057791095890405 0.04730308219178081 0.2265625 0.02696917808219177 0.2254922945205479 0.058005136986301366 0.1548587328767123 0.09439212328767123
0 0.08422517123287668 0.14041095890410957 0.1580693493150685 0.15111301369863012 0.17305222602739728 0.1586044520547945 0.2008775684931506 0.16502568493150685 0.2105094178082192 0.1875 0.19873715753424656 0.21639554794520546 0.19873715753424656 0.22281678082191778 0.20301797945205474 0.24636130136986298 0.20836900684931506 0.2624143835616438 0.21157962328767121 0.2923801369863014 0.2169306506849315 0.2977311643835616 0.2426155821917808 0.2998715753424657 0.2608090753424658 0.30308219178082185 0.2982662671232877 0.30201198630136983 0.30682791095890405 0.285958904109589 0.33358304794520544 0.24208047945205474 0.33465325342465746 0.227097602739726 0.33786386986301364 0.19820205479452052 0.3603381849315069 0.17251712328767121 0.3742508561643835 0.1639554794520548 0.3945847602739726 0.13613013698630136 0.4084974315068493 0.11044520547945205 0.42241010273972596 0.08797089041095889 0.4448844178082192 0.05479452054794519 0.4577268835616438 0.021618150684931496 0.402076198630137 0.006635273972602727 0.3614083904109589 0.022688356164383548 0.35391695205479456 0.030179794520547937 0.3400042808219178 0.05051369863013697 0.3164597602739726 0.07726883561643835 0.2897046232876712 0.08476027397260273 0.2800727739726027 0.0451626712328767 0.26508989726027393 0.01840753424657533 0.24368578767123283 0.0451626712328767 0.22977311643835616 0.08904109589041095 0.1698416095890411 0.09653253424657533 0.15699914383561636 0.10723458904109588 0.11954195205479445 0.07619863013698629 0.1580693493150685 0.0333904109589041 0.12382277397260273 0.017337328767123274 0.07887414383561638 0.01626712328767122 0.051048801369862985 0.009845890410958891 0.00288955479452051 0.019477739726027385 0.0007491438356164171 0.06763698630136986 0.007170376712328741 0.09439212328767123 0.0007491438356164171 0.12970890410958905 0.003959760273972579 0.1639554794520548 0.0061001712328766725 0.18857020547945205 0.0061001712328766725 0.21211472602739723 0.007170376712328741 0.23994006849315067 0.007170376712328741 0.2677654109589041 0.007170376712328741 0.2763270547945205 0.007170376712328741 0.2838184931506849 0.00288955479452051 0.2988013698630137 0.003959760273972579 0.3362585616438356 0.010380993150684904 0.3619434931506849 0.011451198630136971 0.3854880136986301 0.009310787671232834 0.4058219178082192 0.0 0.4337542808219177 0.026434075342465713 0.4497003424657534 0.053189212328767076 0.4753852739726027 0.08422517123287668 0.4689640410958904 0.1066994863013698 0.4529109589041096 0.1174015410958904 0.43578767123287665 0.13131421232876708 0.4122431506849315 0.14094606164383555 0.3972602739726027 0.15592893835616434 0.3876284246575342 0.16663099315068494 0.3672945205479452 0.15592893835616434 0.3555222602739726 0.1323844178082192 0.3523116438356164 0.10348886986301364 0.3351883561643835 0.07994434931506848 0.3309075342465753 0.06817208904109587 0.2998715753424657 0.06389126712328767 0.2784674657534246 0.05639982876712324 0.2367294520547945 0.05639982876712324 0.20676369863013697 0.057470034246575354 0.1928510273972603 0.08743578767123283 0.16716609589041095
0 0.037136130136986266 0.618792808219178 0.037136130136986266 0.6476883561643836 0.022153253424657526 0.6797945205479452 0.02857448630136985 0.7086900684931507 0.012521404109588996 0.7140410958904109 0.014661815068493133 0.7504280821917808 0.0018193493150684414 0.7814640410958904 0.0018193493150684414 0.7996575342465754 0.00288955479452051 0.8306934931506849 0.0061001712328766725 0.851027397260274 0.00824058219178081 0.8638698630136986 0.014661815068493133 0.8874143835616438 0.029644691780821873 0.9184503424657533 0.0360659246575342 0.9398544520547946 0.04783818493150682 0.966609589041096 0.09813784246575344 0.9869434931506849 0.10241866438356162 0.9751712328767124 0.1066994863013698 0.949486301369863 0.10348886986301364 0.929152397260274 0.09920804794520546 0.9173801369863014 0.09064640410958899 0.8938356164383562 0.0756635273972602 0.852097602739726 0.07352311643835616 0.8328339041095891 0.0756635273972602 0.8071489726027398 0.07780393835616435 0.7761130136986301 0.0649614726027397 0.734375 0.0596104452054794 0.7108304794520548 0.06175085616438354 0.675513698630137 0.06710188356164384 0.6273544520547946 0.06175085616438354 0.6209332191780821
0 0.6375214041095891 0.2977311643835616 0.6450128424657533 0.3298373287671233 0.6589255136986301 0.32555650684931503 0.6525042808219178 0.2934503424657534 0.657855308219178 0.324486301369863 0.6835402397260275 0.3426797945205479 0.6846104452054794 0.3662243150684931 0.7060145547945206 0.3940496575342466 0.7135059931506849 0.4165239726027397 0.7199272260273972 0.42722602739726023 0.7284888698630138 0.4475599315068493 0.7370505136986301 0.48287671232876705 0.7381207191780822 0.5 0.7424015410958903 0.5224743150684932 0.7413313356164384 0.5363869863013698 0.7263484589041095 0.5567208904109588 0.7049443493150684 0.5706335616438356 0.6953125 0.558861301369863 0.6856806506849316 0.5331763698630136 0.6856806506849316 0.5139126712328766 0.6878210616438356 0.48287671232876705 0.6921018835616438 0.44541952054794515 0.6878210616438356 0.41759417808219174 0.6803296232876713 0.3929794520547945 0.6621361301369862 0.3705051369863014 0.656785102739726 0.3598030821917808 0.6353809931506849 0.3330479452054794
0 0.4202696917808219 0.4004708904109589 0.41598886986301364 0.4250856164383562 0.4084974315068493 0.4497003424657534 0.4234803082191781 0.4721746575342466 0.4384631849315069 0.46682363013698625 0.4502354452054794 0.45505136986301364 0.45986729452054786 0.4379280821917808 0.46628852739726023 0.43043664383561636 0.4812714041095891 0.42080479452054786 0.49090325342465757 0.4122431506849315 0.5080265410958903 0.4068921232876712 0.5123073630136986 0.3854880136986301 0.5080265410958903 0.3565924657534246 0.47485017123287676 0.3555222602739726 0.4705693493150685 0.383347602739726 0.4705693493150685 0.4058219178082192 0.45558647260273977 0.4111729452054794 0.44274400684931503 0.41759417808219174
0 0.3367936643835616 0.28274828767123283 0.3260916095890411 0.3009417808219178 0.3303724315068493 0.32769691780821913 0.3357234589041096 0.344820205479452 0.3453553082191781 0.3533818493150685 0.36568921232876705 0.34374999999999994 0.36568921232876705 0.3095034246575342 0.36568921232876705 0.2988013698630137 0.3560573630136986 0.284888698630137
0 0.40100599315068497 0.5738441780821917 0.4052868150684931 0.6005993150684932 0.4074272260273973 0.618792808219178 0.403146404109589 0.6444777397260274 0.402076198630137 0.6605308219178082 0.402076198630137 0.6733732876712328 0.3935145547945205 0.7365154109589042 0.39993578767123283 0.7793236301369862 0.3945847602739726 0.8178510273972602 0.3988655821917808 0.8488869863013699 0.402076198630137 0.871361301369863 0.41598886986301364 0.8403253424657533 0.40956763698630133 0.793236301369863 0.4149186643835616 0.7632705479452054 0.41919948630136983 0.7461472602739726 0.4234803082191781 0.7065496575342466 0.4234803082191781 0.6797945205479452 0.4234803082191781 0.6487585616438356 0.42562071917808214 0.6198630136986301 0.43204195205479456 0.5909674657534246 0.42241010273972596 0.5813356164383562
0 0.30254708904109584 0.6872859589041096 0.2886344178082192 0.6904965753424658 0.27151113013698625 0.7044092465753424 0.2618792808219178 0.717251712328767 0.2586686643835616 0.7365154109589042 0.26937071917808214 0.7493578767123288 0.3196703767123288 0.7407962328767124 0.3389340753424658 0.7493578767123288 0.34428510273972596 0.7226027397260274 0.3517765410958904 0.715111301369863 0.3517765410958904 0.696917808219178 0.34107448630136983 0.693707191780822 0.3293022260273973 0.6990582191780822 0.3175299657534246 0.6979880136986301
0 0.1420162671232877 0.7119006849315068 0.12917380136986303 0.7268835616438356 0.12489297945205476 0.7493578767123288 0.13131421232876708 0.7622003424657534 0.16020976027397255 0.7643407534246575 0.16770119863013697 0.7450770547945205 0.16663099315068494 0.7258133561643836 0.1537885273972602 0.715111301369863
0 0.20301797945205474 0.8660102739726027 0.22335188356164384 0.8681506849315068 0.23512414383561636 0.8745719178082192 0.24582619863013697 0.8863441780821917 0.2522474315068493 0.8981164383561644 0.25652825342465746 0.909888698630137 0.2608090753424658 0.9505565068493151 0.2618792808219178 0.9623287671232876 0.246896404109589 0.9837328767123287 0.20943921232876708 0.9965753424657533 0.19659674657534243 0.9730308219178083 0.19659674657534243 0.947345890410959 0.20408818493150688 0.9270119863013699 0.21372003424657535 0.9056078767123287 0.2051583904109589 0.888484589041096
0 0.832298801369863 0.13613013698630136 0.8376498287671232 0.12221746575342465 0.8558433219178083 0.1307791095890411 0.8611943493150684 0.1468321917808219 0.8611943493150684 0.17679794520547945 0.8462114726027398 0.1821489726027397 0.814105308219178 0.1800085616438356 0.7841395547945206 0.1735873287671233 0.7787885273972602 0.1660958904109589 0.7873501712328768 0.1500428082191781 0.7937714041095891 0.1382705479452055 0.7959118150684932 0.1329195205479452 0.8012628424657533 0.11579623287671233 0.8023330479452054 0.09760273972602738 0.8173159246575341 0.09974315068493149 0.8173159246575341 0.12007705479452054 0.8173159246575341 0.1264982876712329
