1 0.3164597602739726 0.10830479452054793 0.6482234589041095 0.4903681506849315 0.6482234589041095 0.6401969178082192 0.5508347602739725 0.6401969178082192 0.4352525684931507 0.5224743150684932 0.44274400684931503 0.480736301369863 0.3988655821917808 0.47645547945205474 0.24582619863013697 0.3073630136986301 0.2950556506849315 0.3116438356164383 0.28649400684931503 0.08154965753424656
0 0.2158604452054794 0.0333904109589041 0.2426155821917808 0.019477739726027385 0.2736515410958904 0.021618150684931496 0.285423801369863 0.30629280821917804 0.21479023972602737 0.3095034246575342
1 0.6418022260273972 0.4101027397260274 0.8076840753424657 0.2581335616438356 0.8173159246575341 0.2934503424657534 0.8215967465753424 0.33732876712328763 0.8012628424657533 0.3908390410958904 0.6546446917808219 0.5288955479452054
0 0.18161386986301364 0.8756421232876713 0.2008775684931506 0.8617294520547946 0.22763270547945202 0.873501712328767 0.25652825342465746 0.8702910958904109 0.27258133561643827 0.8670804794520548 0.2897046232876712 0.8702910958904109 0.30040667808219174 0.8777825342465754 0.3089683219178082 0.8916952054794521 0.3153895547945205 0.9152397260273972 0.32288099315068497 0.9591181506849316 0.2950556506849315 0.9773116438356164 0.25331763698630133 0.9719606164383562 0.24154537671232879 0.9644691780821917 0.23726455479452052 0.9430650684931507 0.2426155821917808 0.9195205479452054 0.2265625 0.9334332191780822 0.2105094178082192 0.9484160958904109 0.18696489726027393 0.9655393835616438 0.17305222602739728 0.9537671232876713 0.16663099315068494 0.9366438356164384 0.1644905821917808 0.912029109589041 0.1644905821917808 0.8916952054794521 0.17091181506849312 0.871361301369863
1 0.02536386986301369 0.8082191780821917 0.18268407534246575 0.639126712328767 0.3207405821917808 0.6466181506849316 0.2993364726027397 0.7643407534246575 0.20836900684931506 0.8446061643835616 0.19231592465753425 0.8392551369863014 0.07994434931506848 0.9644691780821917 0.057470034246575354 0.9227311643835616 0.05211900684931505 0.9227311643835616 0.02536386986301369 0.8499571917808219 0.02857448630136985 0.8232020547945206
0 0.014661815068493133 0.052654109589041084 0.00824058219178081 0.383347602739726 0.0339255136986301 0.4871575342465754 0.12810359589041093 0.6305650684931507 0.1741224315068493 0.6434075342465754 0.5283604452054794 0.6423373287671232 0.44274400684931503 0.5535102739726028 0.28756421232876705 0.3662243150684931 0.1848244863013698 0.25171232876712324 0.2008775684931506 0.090111301369863 0.20301797945205474 0.03981164383561643 0.07352311643835616 0.008775684931506838 0.0 0.0016891194916652794 0.009310787671232834 0.04088184931506848
0 0.792701198630137 0.010916095890410949 0.8023330479452054 0.09546232876712328 0.9821275684931507 0.11900684931506848 0.9874785958904109 0.0783390410958904 0.9671446917808219 0.05479452054794519 0.9371789383561644 0.04837328767123287 0.9093535958904109 0.028039383561643826 0.8718964041095891 0.03232020547945204 0.8558433219178083 0.04088184931506848 0.8312285958904109 0.023758561643835607 0.8055436643835616 0.022688356164383548
0 0.6856806506849316 0.1254280821917808 0.7199272260273972 0.11044520547945205 0.7252782534246576 0.09760273972602738 0.7413313356164384 0.09439212328767123 0.7413313356164384 0.06656678082191779 0.7316994863013699 0.04730308219178081 0.7252782534246576 0.03874143835616437 0.6963827054794521 0.02696917808219177 0.6803296232876713 0.015196917808219166 0.6985231164383562 0.058005136986301366
0 0.7038741438356164 0.7803938356164384 0.7070847602739725 0.8092893835616438 0.7017337328767124 0.8456763698630138 0.7006635273972602 0.8574486301369862 0.7060145547945206 0.8788527397260275 0.7231378424657533 0.873501712328767 0.7402611301369862 0.8702910958904109 0.7509631849315068 0.853167808219178 0.7509631849315068 0.8253424657534246 0.7509631849315068 0.7910958904109588 0.735980308219178 0.7654109589041096
0 0.6803296232876713 0.694777397260274 0.716716609589041 0.7140410958904109 0.7263484589041095 0.6915667808219178 0.7284888698630138 0.6690924657534246 0.7049443493150684 0.6466181506849316 0.6995933219178083 0.6348458904109588 0.6953125 0.6145119863013698 0.6803296232876713 0.5759845890410958 0.655714897260274 0.5663527397260274 0.655714897260274 0.6005993150684932 0.6589255136986301 0.6305650684931507 0.6664169520547946 0.6690924657534246
1 0.48876284246575336 0.8306934931506849 0.5679580479452054 0.7065496575342466 0.6332405821917808 0.8039383561643836 0.541202910958904 0.9216609589041095
1 0.7370505136986301 0.518193493150685 0.8237371575342465 0.42936643835616434 0.8248073630136986 0.5695633561643836 0.752033390410959 0.5642123287671232
1 0.8751070205479452 0.1821489726027397 0.948951198630137 0.3929794520547945 0.9984375 0.34040025684931496 0.9984375 0.27311643835616434 0.9984375 0.22388698630136986 0.9543022260273972 0.1254280821917808
0 0.4288313356164384 0.8349743150684932 0.4459546232876712 0.831763698630137 0.4577268835616438 0.8403253424657533 0.45986729452054786 0.8606592465753424 0.4737799657534246 0.9023972602739725 0.46521832191780826 0.9163099315068493 0.4459546232876712 0.9216609589041095 0.43097174657534243 0.892765410958904 0.43097174657534243 0.8649400684931507
1 0.9639340753424657 0.8178510273972602 0.931827910958904 0.8585188356164384 0.9714255136986301 0.9387842465753424 0.9960402397260275 0.9002568493150684 0.9981806506849316 0.8756421232876713
0 0.2897046232876712 0.02589897260273972 0.30040667808219174 0.09760273972602738 0.45558647260273977 0.10509417808219176 0.45344606164383555 0.02054794520547944
0 0.4737799657534246 0.013056506849315058 0.480201198630137 0.03553082191780821 0.47806078767123295 0.06228595890410958 0.47806078767123295 0.07726883561643835 0.4812714041095891 0.09439212328767123 0.48983304794520544 0.1211472602739726 0.5080265410958903 0.14362157534246572 0.519798801369863 0.14576198630136986 0.5144477739726027 0.11686643835616436 0.5240796232876713 0.08583047945205478 0.5508347602739725 0.07298801369863013 0.560466609589041 0.07512842465753423 0.577589897260274 0.04944349315068493 0.5808005136986301 0.02696917808219177 0.578660102739726 0.013056506849315058 0.5476241438356164 0.004494863013698619 0.5262200342465754 0.004494863013698619
