1 0.1174015410958904 0.5834760273972602 0.11098030821917808 0.674443493150685 0.1848244863013698 0.6712328767123288 0.18375428082191778 0.597388698630137
1 0.402076198630137 0.4347174657534246 0.39672517123287665 0.5620719178082192 0.521939212328767 0.5759845890410958 0.5262200342465754 0.44006849315068497
1 0.560466609589041 0.6027397260273972 0.49090325342465757 0.9366438356164384 0.5893621575342465 0.9730308219178083 0.6653467465753424 0.6498287671232876
0 0.6428724315068493 0.07298801369863013 0.6246789383561644 0.3683647260273972 0.8515625 0.4004708904109589 0.8697559931506849 0.09118150684931506
1 0.2640196917808219 0.14790239726027396 0.3581977739726027 0.14576198630136986 0.35391695205479456 0.20890410958904107 0.26616010273972596 0.22174657534246572
1 0.3977953767123288 0.579195205479452 0.3870933219178082 0.693707191780822 0.5208690068493149 0.7097602739726028 0.5251498287671232 0.5834760273972602
1 0.25652825342465746 0.5492294520547946 0.25652825342465746 0.676583904109589 0.32823202054794515 0.6915667808219178 0.33465325342465746 0.5759845890410958
0 0.9425299657534246 0.5224743150684932 0.9339683219178083 0.5738441780821917 0.927547089041096 0.6038099315068493 0.9189854452054794 0.6455479452054794 0.9136344178082192 0.6990582191780822 0.9211258561643836 0.7622003424657534 0.9168450342465754 0.7900256849315068 0.910423801369863 0.8285530821917808 0.9917594178082192 0.888484589041096 0.9960402397260275 0.7921660958904109 0.9960402397260275 0.7568493150684932 0.9960402397260275 0.6840753424657534 0.9960402397260275 0.6508989726027397 0.9949700342465754 0.6262842465753424 0.9949700342465754 0.5952482876712328 0.988548801369863 0.5556506849315068 0.986408390410959 0.5288955479452054 0.986408390410959 0.5149828767123288 0.9650042808219178 0.5246147260273972
0 0.9254066780821917 0.0023544520547945083 0.9414597602739725 0.06549657534246575 0.9414597602739725 0.10509417808219176 0.9328981164383562 0.13934075342465752 0.9254066780821917 0.16930650684931506 0.9254066780821917 0.1992722602739726 0.9221960616438356 0.24529109589041093 0.9147046232876713 0.3287671232876712 0.9136344178082192 0.363013698630137 0.9425299657534246 0.38227739726027393 0.9660744863013699 0.38120719178082185 0.9960402397260275 0.38227739726027393 0.9984375 0.3788527397260274 0.9984375 0.32555650684931503 0.9981806506849316 0.2913099315068493 0.9981806506849316 0.2442208904109589 0.9971104452054794 0.20569349315068491 0.9896190068493151 0.17893835616438356 0.9853381849315068 0.1382705479452055 0.9853381849315068 0.12221746575342465 0.9853381849315068 0.08476027397260273 0.9874785958904109 0.03981164383561643 0.9949700342465754 0.021618150684931496 0.9714255136986301 0.001284246575342454 0.9585830479452054 0.004494863013698619
0 0.013591609589041065 0.616652397260274 0.0703125 0.5759845890410958 0.10776969178082192 0.5278253424657534 0.10776969178082192 0.4882277397260274 0.11419092465753425 0.4133133561643835 0.11954195205479445 0.3662243150684931 0.15271832191780818 0.3116438356164383 0.1741224315068493 0.2902397260273972 0.19766695205479445 0.24529109589041093 0.20836900684931506 0.21746575342465752 0.22977311643835616 0.2313784246575342 0.24475599315068494 0.21853595890410954 0.2575984589041096 0.18642979452054792 0.2608090753424658 0.17251712328767121 0.2608090753424658 0.1329195205479452 0.2319135273972602 0.12221746575342465 0.22870291095890405 0.10509417808219176 0.2169306506849315 0.05693493150684931 0.20836900684931506 0.02589897260273972 0.1323844178082192 0.013056506849315058 0.0756635273972602 0.013056506849315058 0.034995719178082176 0.017337328767123274 0.014661815068493133 0.017337328767123274 0.0 0.1180781871409631 0.00824058219178081 0.46468321917808214
0 0.2522474315068493 0.8071489726027398 0.2426155821917808 0.8446061643835616 0.23940496575342465 0.8895547945205479 0.23940496575342465 0.909888698630137 0.25973886986301364 0.9173801369863014 0.32288099315068497 0.9173801369863014 0.32823202054794515 0.9227311643835616 0.3581977739726027 0.9205907534246576 0.3581977739726027 0.9066780821917808 0.34963613013698625 0.8916952054794521 0.3421446917808219 0.8413955479452054 0.34321489726027393 0.8189212328767124 0.3207405821917808 0.8039383561643836 0.31003852739726023 0.8071489726027398 0.30254708904109584 0.8189212328767124 0.2832833904109589 0.8232020547945206 0.26616010273972596 0.8050085616438356
0 0.7413313356164384 0.7622003424657534 0.7177868150684932 0.7696917808219178 0.735980308219178 0.794306506849315 0.7391909246575341 0.8306934931506849 0.7584546232876713 0.8328339041095891 0.7702268835616438 0.8125 0.7680864726027398 0.7921660958904109 0.7531035958904109 0.7707619863013698
