1 0.055329623287671215 0.10509417808219176 0.12061215753424656 0.10723458904109588 0.14415667808219174 0.6145119863013698 0.08636558219178081 0.6262842465753424
0 0.3367936643835616 0.05693493150684931 0.3260916095890411 0.0783390410958904 0.34428510273972596 0.09760273972602738 0.3571275684931507 0.11151541095890409 0.363548801369863 0.12221746575342465 0.3763912671232877 0.12328767123287669 0.402076198630137 0.10295376712328766 0.4106378424657534 0.10295376712328766 0.42241010273972596 0.09225171232876711 0.42241010273972596 0.08261986301369863 0.42241010273972596 0.058005136986301366 0.4149186643835616 0.041952054794520535 0.3956549657534246 0.013056506849315058 0.35391695205479456 0.005565068493150674 0.3517765410958904 0.02696917808219177 0.3517765410958904 0.03874143835616437
0 0.4866224315068493 0.041952054794520535 0.4577268835616438 0.05372431506849314 0.47806078767123295 0.10509417808219176 0.4834118150684931 0.1211472602739726 0.5240796232876713 0.14148116438356165 0.5422731164383562 0.14790239726027396 0.560466609589041 0.148972602739726 0.5679580479452054 0.1307791095890411 0.5743792808219178 0.10616438356164382 0.5658176369863014 0.06549657534246575 0.5711686643835616 0.010916095890410949 0.5090967465753424 0.015196917808219166 0.5058861301369862 0.03232020547945204
0 0.6525042808219178 0.01626712328767122 0.6471532534246576 0.05051369863013697 0.6439426369863014 0.06977739726027396 0.6813998287671232 0.07619863013698629 0.7113655821917808 0.0783390410958904 0.7263484589041095 0.06763698630136986 0.712435787671233 0.04623287671232876 0.6921018835616438 0.03124999999999999 0.6664169520547946 0.022688356164383548
0 0.20729880136986303 0.3694349315068493 0.22763270547945202 0.3501712328767123 0.2479666095890411 0.3480308219178082 0.2522474315068493 0.3533818493150685 0.2511772260273973 0.3191352739726027 0.25652825342465746 0.30629280821917804 0.2800727739726027 0.31378424657534243 0.2886344178082192 0.3234160958904109 0.30254708904109584 0.3405393835616438 0.3046875 0.3555222602739726 0.3014768835616438 0.383347602739726 0.30040667808219174 0.4058219178082192 0.30254708904109584 0.4432791095890411 0.305757705479452 0.46040239726027393 0.2982662671232877 0.5042808219178082 0.2982662671232877 0.5267551369863013 0.2768621575342466 0.5695633561643836 0.2961258561643835 0.6080907534246575 0.28114297945205474 0.6209332191780821 0.21907106164383555 0.6145119863013698 0.20836900684931506 0.5995291095890412 0.20836900684931506 0.5759845890410958 0.2169306506849315 0.561001712328767 0.2158604452054794 0.5214041095890412 0.21907106164383555 0.5064212328767124 0.2361943493150685 0.48608732876712324 0.23833476027397255 0.47110445205479445 0.20943921232876708 0.442208904109589 0.2051583904109589 0.4325770547945205 0.2051583904109589 0.38869863013698625
0 0.40635702054794515 0.7975171232876712 0.42562071917808214 0.7825342465753424 0.4331121575342466 0.7782534246575342 0.4459546232876712 0.7814640410958904 0.4609375 0.7878852739726028 0.46842893835616445 0.8050085616438356 0.47270976027397255 0.831763698630137 0.4673587328767123 0.8488869863013699 0.4491652397260274 0.8542380136986301 0.43097174657534243 0.8478167808219178 0.41170804794520544 0.8424657534246576 0.39993578767123283 0.8199914383561644
0 0.13559503424657535 0.814640410958904 0.23084332191780818 0.8253424657534246 0.2543878424657534 0.8232020547945206 0.26294948630136983 0.8082191780821917 0.26508989726027393 0.7975171232876712 0.26508989726027393 0.7825342465753424 0.25010702054794515 0.7664811643835616 0.2265625 0.7632705479452054 0.19017551369863012 0.7557791095890412 0.13452482876712324 0.7461472602739726 0.1323844178082192 0.7664811643835616 0.13131421232876708 0.7846746575342466 0.1323844178082192 0.8007277397260275
1 0.07673373287671233 0.8274828767123287 0.3945847602739726 0.831763698630137 0.3913741438356165 0.9130993150684932 0.07138270547945202 0.9227311643835616
1 0.7702268835616438 0.8242722602739725 0.771297089041096 0.9205907534246576 0.9575128424657533 0.9216609589041095 0.9585830479452054 0.8328339041095891
1 0.5529751712328768 0.8745719178082192 0.556185787671233 0.9023972602739725 0.7370505136986301 0.9109589041095891 0.7327696917808219 0.8702910958904109
1 0.2790025684931507 0.03767123287671232 0.27151113013698625 0.1875 0.29719606164383555 0.21746575342465752 0.3389340753424658 0.23458904109589035 0.34321489726027393 0.2506421232876712 0.43097174657534243 0.24850171232876708 0.441673801369863 0.23351883561643832 0.4759203767123287 0.23886986301369859 0.480201198630137 0.1992722602739726 0.5037457191780822 0.1971318493150685 0.5133775684931507 0.15325342465753425 0.500535102739726 0.030179794520547937 0.30254708904109584 0.02054794520547944 0.305757705479452 0.04088184931506848
