1 0.3603381849315069 0.8028681506849316 0.4042166095890411 0.7097602739726028 0.734910102739726 0.36087328767123283 0.8076840753424657 0.35766267123287665 0.8108946917808219 0.5331763698630136 0.4149186643835616 0.9837328767123287
1 0.7177868150684932 0.21425513698630133 0.7884203767123287 0.1543236301369863 0.8034032534246576 0.1660958904109589 0.9264768835616438 0.03660102739726026 0.9361087328767124 0.08154965753424656 0.9500214041095891 0.0783390410958904 0.9799871575342467 0.13934075342465752 0.9757063356164384 0.19071061643835616 0.8483518835616438 0.33732876712328763 0.814105308219178 0.3501712328767123 0.6953125 0.34160958904109584
1 0.37532106164383555 0.18107876712328766 0.46949914383561636 0.0783390410958904 0.5187285958904109 0.18857020547945205 0.43204195205479456 0.305222602739726
1 0.1741224315068493 0.6637414383561644 0.2051583904109589 0.6027397260273972 0.34749571917808214 0.4657534246575342 0.3517765410958904 0.5845462328767124 0.1891053082191781 0.7375856164383562
0 0.5519049657534246 0.9002568493150684 0.5486943493150684 0.9762414383561644 0.6921018835616438 0.9848030821917808 0.7049443493150684 0.9591181506849316 0.7060145547945206 0.8916952054794521
0 0.716716609589041 0.7001284246575342 0.7135059931506849 0.9751712328767124 0.7584546232876713 0.9698202054794521 0.7894905821917808 0.9537671232876713 0.7873501712328768 0.6915667808219178 0.7177868150684932 0.6862157534246575
0 0.8622645547945206 0.951626712328767 0.8793878424657533 0.9377140410958903 0.9018621575342465 0.9130993150684932 0.910423801369863 0.8991866438356164 0.9189854452054794 0.8863441780821917 0.9243364726027398 0.8585188356164384 0.9286172945205479 0.8478167808219178 0.9371789383561644 0.8285530821917808 0.9617936643835616 0.794306506849315 0.9650042808219178 0.7814640410958904 0.9714255136986301 0.7407962328767124 0.9724957191780822 0.735445205479452 0.9350385273972602 0.6862157534246575 0.9286172945205479 0.695847602739726 0.9211258561643836 0.7333047945205479 0.9061429794520548 0.754708904109589 0.8879494863013699 0.8199914383561644 0.8751070205479452 0.8360445205479452 0.8644049657534246 0.8478167808219178 0.8611943493150684 0.853167808219178 0.8419306506849316 0.8563784246575341 0.8258775684931507 0.8777825342465754 0.8183861301369862 0.8916952054794521 0.811964897260274 0.9056078767123287 0.8055436643835616 0.9398544520547946 0.8215967465753424 0.9430650684931507
1 0.04783818493150682 0.19820205479452052 0.22870291095890405 0.3694349315068493 0.24368578767123283 0.30201198630136983 0.07673373287671233 0.1468321917808219
1 0.0703125 0.617722602739726 0.11419092465753425 0.6712328767123288 0.12061215753424656 0.7654109589041096 0.07138270547945202 0.8767123287671232 0.007170376712328741 0.8199914383561644 0.007170376712328741 0.675513698630137
0 0.4202696917808219 0.3405393835616438 0.4149186643835616 0.39619006849315064 0.4106378424657534 0.441138698630137 0.44702482876712324 0.442208904109589 0.4609375 0.4261558219178082 0.4705693493150685 0.4004708904109589 0.47913099315068486 0.36087328767123283 0.46842893835616445 0.3383989726027397 0.441673801369863 0.2955907534246575 0.41919948630136983 0.31057363013698625
0 0.03927654109589036 0.9387842465753424 0.06282106164383557 0.9184503424657533 0.07459332191780818 0.9238013698630138 0.0852953767123287 0.9216609589041095 0.09492722602739727 0.9002568493150684 0.11312071917808213 0.888484589041096 0.1323844178082192 0.9002568493150684 0.15164811643835616 0.8991866438356164 0.1741224315068493 0.8959760273972602 0.19231592465753425 0.9088184931506849 0.19766695205479445 0.9259417808219178 0.19017551369863012 0.9526969178082192 0.19124571917808214 0.9922945205479452 0.1580693493150685 0.9762414383561644 0.13666523972602737 0.9676797945205479 0.13666523972602737 0.990154109589041 0.09706763698630132 0.9955051369863014 0.041416952054794495 0.9944349315068493 0.013591609589041065 0.9848030821917808 0.009310787671232834 0.9559075342465754 0.011451198630136971 0.9462756849315068
0 0.36568921232876705 0.7322345890410958 0.3678296232876712 0.716181506849315 0.3667594178082192 0.6990582191780822 0.3667594178082192 0.6904965753424658 0.38174229452054786 0.6701626712328766 0.38816352739726023 0.6605308219178082 0.402076198630137 0.6434075342465754 0.4245505136986301 0.6241438356164384 0.44381421232876705 0.617722602739726 0.47913099315068486 0.5888270547945205 0.4759203767123287 0.616652397260274 0.4609375 0.636986301369863 0.4363227739726027 0.674443493150685 0.38816352739726023 0.715111301369863 0.3721104452054794 0.7407962328767124
1 0.6129066780821917 0.02589897260273972 0.5947131849315068 0.09225171232876711 0.656785102739726 0.1425513698630137 0.6728381849315068 0.04088184931506848
