1 0.8783176369863014 0.10830479452054793 0.853702910958904 0.615582191780822 0.9286172945205479 0.6209332191780821 0.948951198630137 0.11258561643835616
1 0.5476241438356164 0.015196917808219166 0.5454837328767124 0.1639554794520548 0.6813998287671232 0.1618150684931507 0.6813998287671232 0.010916095890410949
0 0.5808005136986301 0.03767123287671232 0.5615368150684932 0.04623287671232876 0.5572559931506849 0.06870719178082191 0.5551155821917808 0.08047945205479451 0.5551155821917808 0.09118150684931506 0.5615368150684932 0.09974315068493149 0.6236087328767124 0.11900684931506848 0.6321703767123287 0.11900684931506848 0.6418022260273972 0.11579623287671233 0.655714897260274 0.10616438356164382 0.6610659246575341 0.10509417808219176 0.6685573630136986 0.08690068493150685 0.6706977739726027 0.07084760273972601 0.6728381849315068 0.06228595890410958 0.6717679794520548 0.05158390410958903 0.6621361301369862 0.03981164383561643
0 0.5593964041095891 0.7782534246575342 0.541202910958904 0.7814640410958904 0.5315710616438356 0.7857448630136986 0.5262200342465754 0.8114297945205479 0.5358518835616438 0.8371147260273972 0.5915025684931507 0.8413955479452054 0.6054152397260275 0.8253424657534246 0.6182577054794521 0.8125 0.6182577054794521 0.7921660958904109 0.6011344178082192 0.775042808219178 0.5765196917808219 0.771832191780822
0 0.716716609589041 0.8082191780821917 0.7209974315068493 0.7878852739726028 0.7263484589041095 0.7825342465753424 0.7552440068493151 0.7782534246575342 0.7787885273972602 0.7878852739726028 0.7937714041095891 0.794306506849315 0.8173159246575341 0.7910958904109588 0.8451412671232876 0.7782534246575342 0.872966609589041 0.773972602739726 0.8772474315068493 0.7878852739726028 0.872966609589041 0.8050085616438356 0.8654751712328768 0.8264126712328768 0.8205265410958903 0.8221318493150684 0.7980522260273972 0.8253424657534246 0.7745077054794521 0.8253424657534246 0.7584546232876713 0.8232020547945206 0.7295590753424657 0.8060787671232876 0.7156464041095891 0.7964469178082192
0 0.7017337328767124 0.3672945205479452 0.6963827054794521 0.402611301369863 0.6985231164383562 0.42936643835616434 0.7006635273972602 0.4475599315068493 0.7060145547945206 0.5235445205479452 0.6995933219178083 0.5492294520547946 0.6942422945205479 0.5759845890410958 0.7038741438356164 0.598458904109589 0.7102953767123287 0.6209332191780821 0.7316994863013699 0.6230736301369862 0.7573844178082192 0.6273544520547946 0.7680864726027398 0.6294948630136986 0.7884203767123287 0.6209332191780821 0.7884203767123287 0.6059503424657534 0.7841395547945206 0.5877568493150684 0.7723672945205479 0.5727739726027397 0.7691566780821917 0.5492294520547946 0.7777183219178083 0.5353167808219178 0.7916309931506849 0.5256849315068493 0.7980522260273972 0.5149828767123288 0.8012628424657533 0.49785958904109584 0.8012628424657533 0.480736301369863 0.792701198630137 0.46040239726027393 0.790560787671233 0.4325770547945205 0.792701198630137 0.4154537671232877 0.8055436643835616 0.3672945205479452 0.8087542808219178 0.3533818493150685 0.7809289383561644 0.324486301369863 0.7595248287671232 0.3127140410958904 0.7424015410958903 0.3159246575342466 0.734910102739726 0.3405393835616438 0.7295590753424657 0.3480308219178082 0.716716609589041 0.3533818493150685
0 0.43097174657534243 0.11258561643835616 0.4245505136986301 0.07191780821917806 0.4245505136986301 0.058005136986301366 0.4502354452054794 0.04730308219178081 0.47270976027397255 0.04623287671232876 0.5123073630136986 0.052654109589041084 0.5187285958904109 0.06549657534246575 0.5187285958904109 0.09225171232876711 0.5176583904109588 0.11151541095890409 0.5090967465753424 0.13934075342465752 0.4876926369863014 0.1382705479452055 0.44702482876712324 0.14362157534246572 0.43204195205479456 0.1468321917808219 0.4181292808219178 0.13613013698630136 0.42241010273972596 0.12007705479452054
0 0.2640196917808219 0.06014554794520547 0.2822131849315069 0.03660102739726026 0.2961258561643835 0.02054794520547944 0.323951198630137 0.011986301369863003 0.34749571917808214 0.015196917808219166 0.3581977739726027 0.03553082191780821 0.3614083904109589 0.06014554794520547 0.35926797945205474 0.07191780821917806 0.34428510273972596 0.07512842465753423 0.2950556506849315 0.06656678082191779 0.2640196917808219 0.07298801369863013
1 0.04355736301369859 0.8253424657534246 0.23833476027397255 0.8232020547945206 0.23940496575342465 0.9152397260273972 0.04248715753424657 0.9216609589041095
1 0.6096960616438356 0.852097602739726 0.6096960616438356 0.9109589041095891 0.9221960616438356 0.931292808219178 0.9200556506849316 0.8467465753424657 0.6022046232876713 0.8392551369863014
1 0.892230308219178 0.6455479452054794 0.8836686643835616 0.8232020547945206 0.951091609589041 0.8478167808219178 0.9628638698630138 0.754708904109589 0.9221960616438356 0.7440068493150684 0.9328981164383562 0.6723030821917808 0.9393193493150684 0.6476883561643836
1 0.27579195205479445 0.869220890410959 0.4395333904109589 0.8670804794520548 0.4395333904109589 0.9066780821917808 0.26937071917808214 0.9066780821917808
0 0.0360659246575342 0.6466181506849316 0.0649614726027397 0.6594606164383562 0.06175085616438354 0.674443493150685 0.06924229452054789 0.7054794520547946 0.06603167808219172 0.7204623287671232 0.04248715753424657 0.7333047945205479 0.027504280821917783 0.735445205479452 0.010380993150684904 0.7140410958904109 0.00824058219178081 0.675513698630137 0.012521404109588996 0.6541095890410958
