1 0.7316994863013699 0.42401541095890405 0.7209974315068493 0.4871575342465754 0.7252782534246576 0.6412671232876712 0.7605950342465754 0.6519691780821917 0.775577910958904 0.5235445205479452 0.771297089041096 0.422945205479452 0.7102953767123287 0.40796232876712324
1 0.8087542808219178 0.3362585616438356 0.8066138698630138 0.5620719178082192 0.8419306506849316 0.5674229452054794 0.8718964041095891 0.3533818493150685 0.8504922945205479 0.33411815068493145
1 0.6856806506849316 0.028039383561643826 0.6899614726027398 0.19499143835616436 0.735980308219178 0.1971318493150685 0.7252782534246576 0.03553082191780821
1 0.3303724315068493 0.4186643835616438 0.3400042808219178 0.6091609589041096 0.3870933219178082 0.6027397260273972 0.3699700342465754 0.3994006849315069
1 0.07459332191780818 0.7279537671232876 0.04890839041095889 0.8199914383561644 0.057470034246575354 0.9462756849315068 0.11098030821917808 0.949486301369863 0.12275256849315061 0.8638698630136986 0.12917380136986303 0.7386558219178082 0.08208476027397253 0.7183219178082192
1 0.4577268835616438 0.6990582191780822 0.44702482876712324 0.8125 0.44381421232876705 0.9355736301369862 0.48234160958904104 0.951626712328767 0.501605308219178 0.9612585616438356 0.5048159246575341 0.8767123287671232 0.5112371575342465 0.8114297945205479 0.5058861301369862 0.7247431506849316 0.5069563356164384 0.7119006849315068 0.4716395547945206 0.7011986301369862
1 0.5486943493150684 0.618792808219178 0.5347816780821917 0.7044092465753424 0.5390625 0.852097602739726 0.5947131849315068 0.8563784246575341 0.6064854452054794 0.6294948630136986
1 0.8023330479452054 0.7011986301369862 0.8237371575342465 0.753638698630137 0.8472816780821917 0.7311643835616438 0.8430008561643836 0.693707191780822
1 0.8933005136986301 0.6883561643835616 0.890089897260274 0.7461472602739726 0.9136344178082192 0.754708904109589 0.9136344178082192 0.6851455479452054
1 0.7766481164383562 0.852097602739726 0.7638056506849316 0.888484589041096 0.8558433219178083 0.9259417808219178 0.8569135273972602 0.892765410958904
0 0.6064854452054794 0.853167808219178 0.6011344178082192 0.8788527397260275 0.5957833904109588 0.8991866438356164 0.5754494863013699 0.912029109589041 0.5636772260273972 0.9195205479452054 0.5508347602739725 0.9248715753424657 0.5358518835616438 0.9484160958904109 0.5305008561643836 0.9644691780821917 0.5315710616438356 0.9762414383561644 0.556185787671233 0.9955051369863014 0.5679580479452054 0.9976455479452054 0.5837970890410967 0.9984375 0.6375214041095891 0.9984375 0.7006635273972602 0.9965753424657533 0.744424229452056 0.9984375 0.8419306506849316 0.990154109589041 0.8611943493150684 0.9965753424657533 0.8772474315068493 0.9965753424657533 0.910423801369863 0.9976455479452054 0.9157748287671232 0.9976455479452054 0.9296875 0.9955051369863014 0.9457405821917808 0.988013698630137 0.9564426369863014 0.9826626712328768 0.9928296232876713 0.985873287671233 0.9767765410958903 0.9580479452054794 0.9767765410958903 0.9409246575342465 0.9778467465753424 0.9227311643835616 0.9810573630136986 0.8981164383561644 0.9778467465753424 0.8874143835616438 0.9585830479452054 0.8702910958904109 0.9350385273972602 0.8627996575342465 0.9189854452054794 0.8874143835616438 0.9168450342465754 0.8949058219178083 0.8836686643835616 0.9280821917808219 0.8718964041095891 0.9355736301369862 0.8547731164383562 0.9452054794520548 0.8248073630136986 0.9462756849315068 0.8076840753424657 0.9248715753424657 0.7959118150684932 0.9173801369863014 0.7616652397260275 0.9152397260273972 0.735980308219178 0.9109589041095891 0.7092251712328768 0.9130993150684932 0.6963827054794521 0.8991866438356164 0.7017337328767124 0.8831335616438356 0.7102953767123287 0.8670804794520548 0.6856806506849316 0.8563784246575341 0.678189212328767 0.8574486301369862 0.6749785958904109 0.8820633561643836 0.6503638698630138 0.8777825342465754 0.6450128424657533 0.8627996575342465 0.6246789383561644 0.8456763698630138
0 0.15271832191780818 0.04302226027397259 0.17626284246575344 0.10509417808219176 0.19980736301369859 0.18107876712328766 0.1955265410958904 0.22816780821917804 0.1955265410958904 0.2988013698630137 0.22442208904109587 0.38869863013698625 0.2522474315068493 0.43899828767123283 0.29077482876712324 0.3908390410958904 0.32288099315068497 0.35766267123287665 0.36889982876712324 0.3383989726027397 0.4513056506849315 0.28274828767123283 0.4705693493150685 0.2741866438356164 0.4930436643835616 0.2677654109589041 0.500535102739726 0.20890410958904107 0.5026755136986301 0.17144691780821916 0.5058861301369862 0.109375 0.48234160958904104 0.09653253424657533 0.47485017123287676 0.06656678082191779 0.48448202054794526 0.02910958904109588 0.4769905821917808 0.009845890410958891 0.4502354452054794 0.019477739726027385 0.41170804794520544 0.011986301369863003 0.34963613013698625 0.021618150684931496 0.3325128424657534 0.010916095890410949 0.2779323630136986 0.009845890410958891 0.2511772260273973 0.022688356164383548 0.21907106164383555 0.03767123287671232 0.2051583904109589 0.04730308219178081 0.18696489726027393 0.02054794520547944 0.1388056506849315 0.006635273972602727 0.14522688356164384 0.023758561643835607
0 0.9371789383561644 0.5074914383561644 0.908283390410959 0.5813356164383562 0.8430008561643836 0.6262842465753424 0.8023330479452054 0.6712328767123288 0.7038741438356164 0.6990582191780822 0.7209974315068493 0.7568493150684932 0.7638056506849316 0.7910958904109588 0.7830693493150684 0.8189212328767124 0.8151755136986301 0.8253424657534246 0.814105308219178 0.8092893835616438 0.790560787671233 0.7622003424657534 0.7969820205479452 0.7140410958904109 0.8387200342465754 0.6733732876712328 0.8965111301369862 0.6616010273972603 0.9286172945205479 0.7065496575342466 0.9350385273972602 0.754708904109589 0.946810787671233 0.8060787671232876 0.9617936643835616 0.8232020547945206 0.9928296232876713 0.8050085616438356 0.9938998287671232 0.7836044520547946 0.9960402397260275 0.7333047945205479 0.9981806506849316 0.6733732876712328 0.990689212328767 0.6434075342465754 0.9831977739726028 0.5310359589041096 0.9831977739726028 0.5224743150684932
0 0.015732020547945157 0.030179794520547937 0.04569777397260273 0.010916095890410949 0.08101455479452051 0.0023544520547945083 0.09064640410958899 0.052654109589041084 0.06389126712328767 0.08476027397260273 0.0596104452054794 0.12863869863013697 0.04783818493150682 0.1800085616438356 0.053189212328767076 0.21104452054794515 0.05425941780821919 0.24529109589041093 0.04890839041095889 0.27953767123287665 0.06175085616438354 0.3169948630136986 0.09920804794520546 0.3084332191780822 0.10776969178082192 0.3009417808219178 0.10027825342465749 0.3309075342465753 0.10241866438356162 0.3715753424657534 0.08743578767123283 0.5032106164383562 0.09278681506849314 0.5449486301369862 0.10883989726027395 0.5813356164383562 0.11098030821917808 0.6134417808219178 0.1120505136986301 0.6498287671232876 0.10027825342465749 0.6787243150684932 0.08208476027397253 0.65625 0.07138270547945202 0.6145119863013698 0.07138270547945202 0.5770547945205479 0.010380993150684904 0.3287671232876712 0.005029965753424648 0.03446061643835615
0 0.25652825342465746 0.46468321917808214 0.2790025684931507 0.45077054794520544 0.2982662671232877 0.422945205479452 0.3078981164383562 0.45077054794520544 0.3143193493150685 0.4903681506849315 0.32181078767123283 0.5449486301369862 0.3325128424657534 0.5920376712328766 0.3389340753424658 0.638056506849315 0.3453553082191781 0.676583904109589 0.3667594178082192 0.7258133561643836 0.34963613013698625 0.7268835616438356 0.3271618150684931 0.6904965753424658 0.31324914383561636 0.6508989726027397 0.2982662671232877 0.618792808219178 0.2822131849315069 0.5866866438356164 0.2640196917808219 0.5310359589041096 0.2618792808219178 0.4935787671232877 0.2586686643835616 0.4529109589041096
0 0.9585830479452054 0.12863869863013697 0.9393193493150684 0.1254280821917808 0.9543022260273972 0.16502568493150685 0.9650042808219178 0.20676369863013697 0.9714255136986301 0.24101027397260272 0.9767765410958903 0.2741866438356164 0.9799871575342467 0.33411815068493145 0.9746361301369862 0.3769263698630137 0.8997217465753424 0.39190924657534243 0.891160102739726 0.02054794520547944 0.908283390410959 0.019477739726027385 0.9243364726027398 0.05372431506849314 0.9254066780821917 0.06656678082191779 0.946810787671233 0.09867294520547945 0.968214897260274 0.10188356164383561 0.9896190068493151 0.13613013698630136 0.9984375 0.16748477929984756 0.988548801369863 0.18642979452054792 0.9746361301369862 0.15967465753424656 0.968214897260274 0.13398972602739725
0 0.15699914383561636 0.8135702054794521 0.14522688356164384 0.8435359589041095 0.13452482876712324 0.8660102739726027 0.15057791095890405 0.8724315068493151 0.16770119863013697 0.8681506849315068 0.18161386986301364 0.8970462328767124 0.19017551369863012 0.9002568493150684 0.19338613013698627 0.869220890410959 0.20836900684931506 0.8403253424657533 0.2158604452054794 0.8242722602739725 0.1955265410958904 0.8125
0 0.005029965753424648 0.8852739726027398 0.030714897260273943 0.9066780821917808 0.04890839041095889 0.9280821917808219 0.051048801369862985 0.9612585616438356 0.02857448630136985 0.96875 0.010380993150684904 0.9815924657534246 0.0061001712328766725 0.9345034246575341 0.0061001712328766725 0.9056078767123287 0.009310787671232834 0.8724315068493151
0 0.5957833904109588 0.518193493150685 0.6835402397260275 0.4325770547945205 0.7177868150684932 0.6551797945205479 0.6428724315068493 0.7108304794520548 0.6460830479452054 0.8167808219178083
0 0.5711686643835616 0.1264982876712329 0.5668878424657533 0.17144691780821916 0.579730308219178 0.19820205479452052 0.5743792808219178 0.22281678082191778 0.577589897260274 0.2570633561643835 0.579730308219178 0.2902397260273972 0.5872217465753424 0.3309075342465753 0.5882919520547946 0.3598030821917808 0.5850813356164384 0.3865582191780822 0.5915025684931507 0.42401541095890405 0.6086258561643836 0.42936643835616434 0.6203981164383562 0.38120719178082185 0.6171875 0.3555222602739726 0.6139768835616438 0.3319777397260274 0.6043450342465754 0.305222602739726 0.6118364726027398 0.27204623287671226 0.6118364726027398 0.25171232876712324 0.6096960616438356 0.21746575342465752 0.6107662671232876 0.1971318493150685 0.600064212328767 0.1468321917808219 0.6011344178082192 0.1329195205479452
0 0.8312285958904109 0.27204623287671226 0.8451412671232876 0.22602739726027393 0.8761772260273972 0.24743150684931506 0.8815282534246576 0.266695205479452 0.8590539383561644 0.28916952054794515 0.8462114726027398 0.30308219178082185
0 0.8194563356164384 0.28702910958904104 0.7830693493150684 0.3084332191780822 0.7723672945205479 0.3330479452054794 0.7798587328767124 0.3458904109589041 0.794841609589041 0.33411815068493145 0.8355094178082192 0.32662671232876705 0.8451412671232876 0.31806506849315064 0.8365796232876713 0.3084332191780822 0.8290881849315068 0.2934503424657534
0 0.6717679794520548 0.27204623287671226 0.6813998287671232 0.2506421232876712 0.7038741438356164 0.2506421232876712 0.7188570205479452 0.2677654109589041 0.735980308219178 0.2880993150684931 0.7209974315068493 0.31057363013698625 0.6963827054794521 0.30308219178082185 0.6910316780821917 0.3095034246575342 0.6942422945205479 0.3234160958904109 0.6717679794520548 0.32555650684931503 0.6535744863013699 0.3148544520547945 0.6428724315068493 0.30308219178082185 0.6599957191780822 0.2838184931506849 0.6621361301369862 0.26562499999999994
0 0.5283604452054794 0.579195205479452 0.5519049657534246 0.538527397260274 0.579730308219178 0.5288955479452054 0.5861515410958903 0.5481592465753424 0.5882919520547946 0.5824058219178082 0.5882919520547946 0.6070205479452054 0.558326198630137 0.6005993150684932 0.5540453767123287 0.5888270547945205 0.5444135273972602 0.5898972602739726
0 0.20943921232876708 0.9152397260273972 0.21372003424657535 0.892765410958904 0.21907106164383555 0.8724315068493151 0.23726455479452052 0.888484589041096 0.2329837328767123 0.9195205479452054 0.23405393835616434 0.9377140410958903 0.25010702054794515 0.947345890410959 0.2522474315068493 0.9591181506849316 0.25973886986301364 0.9912243150684932 0.24325159001956953 0.9984375 0.22870291095890405 0.9955051369863014 0.21800085616438353 0.9741010273972602 0.2008775684931506 0.951626712328767 0.19124571917808214 0.931292808219178 0.19338613013698627 0.8970462328767124
