1 0.892230308219178 0.7247431506849316 0.8558433219178083 0.9227311643835616 0.9243364726027398 0.951626712328767 0.968214897260274 0.7568493150684932
1 0.6129066780821917 0.40475171232876705 0.6589255136986301 0.3972602739726027 0.6792594178082192 0.6102311643835616 0.6257491438356164 0.6145119863013698
1 0.5379922945205479 0.30629280821917804 0.5872217465753424 0.31806506849315064 0.578660102739726 0.520333904109589 0.5240796232876713 0.519263698630137 0.519798801369863 0.49892979452054786
1 0.4106378424657534 0.618792808219178 0.39672517123287665 0.7247431506849316 0.39672517123287665 0.8499571917808219 0.4480950342465754 0.8542380136986301 0.4716395547945206 0.6348458904109588
1 0.5069563356164384 0.7108304794520548 0.4769905821917808 0.9173801369863014 0.5358518835616438 0.9484160958904109 0.5647474315068493 0.7268835616438356 0.5112371575342465 0.6979880136986301
1 0.12917380136986303 0.35873287671232873 0.1858946917808219 0.34910102739726023 0.20729880136986303 0.49892979452054786 0.2008775684931506 0.578125 0.15913955479452052 0.578125
1 0.27258133561643827 0.02910958904109588 0.27472174657534243 0.1992722602739726 0.30254708904109584 0.2035530821917808 0.31217893835616434 0.02910958904109588
1 0.3549871575342466 0.10188356164383561 0.34749571917808214 0.23779965753424656 0.3603381849315069 0.2602739726027397 0.363548801369863 0.27311643835616434 0.37853167808219174 0.28274828767123283 0.3977953767123288 0.11151541095890409
1 0.4352525684931507 0.20569349315068491 0.4609375 0.20569349315068491 0.46949914383561636 0.38227739726027393 0.44381421232876705 0.38441780821917804
0 0.027504280821917783 0.8488869863013699 0.017872431506849296 0.8745719178082192 0.010380993150684904 0.8949058219178083 0.011451198630136971 0.9377140410958903 0.013591609589041065 0.9441352739726027 0.014661815068493133 0.9612585616438356 0.02857448630136985 0.9783818493150684 0.051048801369862985 0.9848030821917808 0.06817208904109587 0.9944349315068493 0.13024400684931506 0.9933647260273972 0.16020976027397255 0.9955051369863014 0.18803510273972596 0.9976455479452054 0.23405393835616434 0.9965753424657533 0.26616010273972596 0.9965753424657533 0.29098886986301475 0.9984375 0.3935145547945205 0.9890839041095891 0.43739297945205474 0.9965753424657533 0.4448844178082192 0.9912243150684932 0.46628852739726023 0.9805222602739725 0.4641481164383562 0.9505565068493151 0.4609375 0.9366438356164384 0.45344606164383555 0.9238013698630138 0.4170590753424658 0.8991866438356164 0.4052868150684931 0.8831335616438356 0.3678296232876712 0.851027397260274 0.3581977739726027 0.8553082191780822 0.35284674657534243 0.8627996575342465 0.32823202054794515 0.8638698630136986 0.32181078767123283 0.8424657534246576 0.2822131849315069 0.8606592465753424 0.2768621575342466 0.8916952054794521 0.285423801369863 0.8981164383561644 0.28649400684931503 0.9130993150684932 0.2608090753424658 0.8981164383561644 0.23512414383561636 0.9034674657534246 0.2158604452054794 0.9023972602739725 0.19017551369863012 0.9152397260273972 0.16020976027397255 0.9270119863013699 0.13666523972602737 0.9227311643835616 0.12810359589041093 0.8981164383561644 0.13131421232876708 0.8842037671232876 0.1430864726027397 0.8724315068493151 0.14629708904109587 0.8595890410958903 0.1420162671232877 0.8488869863013699 0.12275256849315061 0.8435359589041095 0.10562928082191778 0.8456763698630138 0.07459332191780818 0.8446061643835616 0.057470034246575354 0.8446061643835616 0.015732020547945157 0.8446061643835616
0 0.08957619863013697 0.5096318493150684 0.09706763698630132 0.5535102739726028 0.11847174657534243 0.5727739726027397 0.1420162671232877 0.597388698630137 0.168771404109589 0.6316352739726028 0.18054366438356162 0.6434075342465754 0.19659674657534243 0.6605308219178082 0.21479023972602737 0.674443493150685 0.2683005136986301 0.7129708904109588 0.30040667808219174 0.7268835616438356 0.323951198630137 0.7557791095890412 0.325021404109589 0.7814640410958904 0.31003852739726023 0.7975171232876712 0.2982662671232877 0.814640410958904 0.27151113013698625 0.8328339041095891 0.2201412671232877 0.8253424657534246 0.1944563356164383 0.8210616438356164 0.2051583904109589 0.793236301369863 0.20622859589041093 0.7761130136986301 0.2008775684931506 0.7557791095890412 0.19124571917808214 0.7247431506849316 0.18375428082191778 0.694777397260274 0.16127996575342465 0.6776541095890412 0.1430864726027397 0.675513698630137 0.12168236301369859 0.6508989726027397 0.1174015410958904 0.6412671232876712 0.1066994863013698 0.658390410958904 0.1066994863013698 0.6690924657534246 0.06603167808219172 0.695847602739726 0.0596104452054794 0.7119006849315068 0.06389126712328767 0.752568493150685 0.06710188356164384 0.7771832191780822 0.0649614726027397 0.8060787671232876 0.04997859589041091 0.8285530821917808 0.009310787671232834 0.8199914383561644 0.0061001712328766725 0.7825342465753424 0.010380993150684904 0.7268835616438356 0.010380993150684904 0.6926369863013698 0.010380993150684904 0.6690924657534246 0.011451198630136971 0.6530393835616438 0.013591609589041065 0.6220034246575342 0.015732020547945157 0.580265410958904 0.017872431506849296 0.5363869863013698 0.017872431506849296 0.5224743150684932
0 0.5262200342465754 0.052654109589041084 0.48448202054794526 0.06014554794520547 0.4973244863013699 0.09546232876712328 0.4834118150684931 0.10402397260273973 0.45879708904109595 0.1211472602739726 0.48876284246575336 0.1586044520547945 0.4866224315068493 0.17465753424657532 0.48448202054794526 0.19071061643835616 0.48448202054794526 0.20248287671232873 0.48448202054794526 0.21853595890410954 0.48876284246575336 0.24850171232876708 0.4930436643835616 0.2624143835616438 0.5058861301369862 0.2741866438356164 0.5230094178082192 0.2816780821917808 0.5765196917808219 0.285958904109589 0.5829409246575341 0.285958904109589 0.619327910958904 0.30629280821917804 0.6428724315068493 0.32555650684931503 0.6610659246575341 0.34160958904109584 0.6856806506849316 0.3758561643835616 0.7092251712328768 0.3940496575342466 0.7092251712328768 0.4133133561643835 0.734910102739726 0.41759417808219174 0.752033390410959 0.41973458904109584 0.7595248287671232 0.4154537671232877 0.7723672945205479 0.4015410958904109 0.7819991438356164 0.37264554794520544 0.7830693493150684 0.3565924657534246 0.792701198630137 0.324486301369863 0.792701198630137 0.3084332191780822 0.790560787671233 0.2955907534246575 0.7638056506849316 0.2816780821917808 0.7488227739726027 0.28060787671232873 0.7424015410958903 0.2624143835616438 0.7295590753424657 0.23458904109589035 0.7156464041095891 0.21425513698630133 0.6803296232876713 0.21425513698630133 0.678189212328767 0.207833904109589 0.6535744863013699 0.1821489726027397 0.6396618150684932 0.1639554794520548 0.6182577054794521 0.14790239726027396 0.6139768835616438 0.1329195205479452 0.6428724315068493 0.12970890410958905 0.657855308219178 0.1329195205479452 0.6963827054794521 0.1382705479452055
0 0.5283604452054794 0.00021404109589039864 0.5347816780821917 0.028039383561643826 0.558326198630137 0.04623287671232876 0.5711686643835616 0.05372431506849314 0.600064212328767 0.06870719178082191 0.6225385273972602 0.07940924657534246 0.6407320205479452 0.090111301369863 0.6899614726027398 0.09332191780821916 0.6985231164383562 0.09225171232876711 0.7177868150684932 0.12328767123287669 0.7199272260273972 0.13613013698630136 0.7231378424657533 0.1660958904109589 0.7231378424657533 0.17679794520547945 0.7263484589041095 0.1917808219178082 0.734910102739726 0.21639554794520546 0.7391909246575341 0.23351883561643832 0.7509631849315068 0.24101027397260272 0.7584546232876713 0.23458904109589035 0.7745077054794521 0.207833904109589 0.7766481164383562 0.2206763698630137 0.7819991438356164 0.23030821917808217 0.7959118150684932 0.23779965753424656 0.8162457191780822 0.22174657534246572 0.8258775684931507 0.18642979452054792 0.8365796232876713 0.1425513698630137 0.8387200342465754 0.11579623287671233 0.8387200342465754 0.08797089041095889 0.8387200342465754 0.06549657534246575 0.8440710616438356 0.02589897260273972 0.8258775684931507 0.010916095890410949 0.7830693493150684 0.015196917808219166 0.7488227739726027 0.005565068493150674 0.6910316780821917 0.001284246575342454 0.6428724315068493 0.001284246575342454 0.558326198630137 0.009845890410958891 0.5390625 0.004494863013698619
0 0.9040025684931507 0.02054794520547944 0.8858090753424657 0.06442636986301369 0.9018621575342465 0.12756849315068491 0.9007919520547946 0.1703767123287671 0.8997217465753424 0.2035530821917808 0.8997217465753424 0.23244863013698627 0.8997217465753424 0.2624143835616438 0.8986515410958903 0.27953767123287665 0.8986515410958903 0.2934503424657534 0.8975813356164384 0.32020547945205474 0.8954409246575341 0.3544520547945205 0.9114940068493151 0.41438356164383555 0.9136344178082192 0.422945205479452 0.9179152397260275 0.4443493150684931 0.931827910958904 0.47003424657534243 0.9350385273972602 0.49571917808219174 0.9371789383561644 0.5214041095890412 0.9425299657534246 0.537457191780822 0.948951198630137 0.561001712328767 0.9553724315068493 0.5877568493150684 0.969285102739726 0.6401969178082192 0.9853381849315068 0.6412671232876712 0.9917594178082192 0.597388698630137 0.986408390410959 0.5663527397260274 0.9831977739726028 0.5460188356164383 0.9735659246575341 0.5117722602739726 0.9735659246575341 0.4850171232876712 0.9767765410958903 0.4593321917808219 0.9789169520547946 0.4250856164383562 0.9650042808219178 0.3854880136986301 0.9714255136986301 0.3694349315068493 0.990689212328767 0.3619434931506849 0.990689212328767 0.33732876712328763 0.990689212328767 0.2977311643835616 0.9746361301369862 0.2763270547945205 0.9607234589041095 0.2838184931506849 0.9521618150684932 0.2816780821917808 0.9436001712328768 0.2538527397260274 0.9371789383561644 0.22923801369863012 0.9307577054794521 0.20034246575342465 0.9478809931506849 0.20034246575342465 0.9553724315068493 0.1853595890410959 0.9553724315068493 0.14041095890410957 0.9500214041095891 0.1264982876712329 0.9425299657534246 0.10295376712328766 0.9393193493150684 0.07298801369863013 0.9564426369863014 0.06121575342465753 0.9767765410958903 0.044092465753424646 0.9821275684931507 0.02054794520547944 0.9532320205479452 0.007705479452054782 0.9093535958904109 0.006635273972602727
0 0.14415667808219174 0.2816780821917808 0.15592893835616434 0.27953767123287665 0.16127996575342465 0.2581335616438356 0.16020976027397255 0.23779965753424656 0.13666523972602737 0.23030821917808217 0.1270333904109589 0.23886986301369859 0.12275256849315061 0.24957191780821913 0.11954195205479445 0.25599315068493145 0.1163313356164383 0.27204623287671226 0.12061215753424656 0.2816780821917808 0.13131421232876708 0.284888698630137
0 0.28756421232876705 0.25599315068493145 0.27472174657534243 0.2645547945205479 0.27258133561643827 0.2773972602739726 0.27258133561643827 0.28274828767123283 0.27258133561643827 0.2913099315068493 0.2790025684931507 0.3073630136986301 0.28756421232876705 0.31057363013698625 0.2993364726027397 0.31057363013698625 0.3111087328767123 0.31057363013698625 0.3164597602739726 0.3191352739726027 0.3303724315068493 0.3298373287671233 0.3485659246575342 0.3234160958904109 0.3560573630136986 0.3116438356164383 0.3581977739726027 0.2998715753424657 0.3549871575342466 0.2880993150684931
0 0.383882705479452 0.35124143835616434 0.383882705479452 0.3951198630136986 0.3870933219178082 0.421875 0.40956763698630133 0.4261558219178082 0.4149186643835616 0.4154537671232877 0.41598886986301364 0.3908390410958904 0.42133989726027393 0.3672945205479452 0.4202696917808219 0.3501712328767123 0.41919948630136983 0.324486301369863 0.41919948630136983 0.305222602739726 0.41919948630136983 0.2880993150684931 0.42133989726027393 0.2773972602739726 0.4234803082191781 0.2506421232876712 0.4234803082191781 0.22816780821917804 0.4245505136986301 0.20569349315068491 0.43204195205479456 0.1896404109589041 0.43739297945205474 0.18107876712328766 0.4406035958904109 0.1660958904109589 0.44381421232876705 0.1372003424657534 0.43097174657534243 0.148972602739726 0.4266909246575342 0.13398972602739725 0.4042166095890411 0.13613013698630136 0.4052868150684931 0.14790239726027396 0.3988655821917808 0.17465753424657532 0.3988655821917808 0.19499143835616436 0.39672517123287665 0.22388698630136986 0.39672517123287665 0.23994006849315067 0.3935145547945205 0.25171232876712324 0.3924443493150685 0.27204623287671226 0.3935145547945205 0.31378424657534243 0.3924443493150685 0.3319777397260274
0 0.3089683219178082 0.42722602739726023 0.3260916095890411 0.43578767123287665 0.3453553082191781 0.45505136986301364 0.3699700342465754 0.4657534246575342 0.383882705479452 0.48287671232876705 0.39993578767123283 0.4946489726027397 0.4042166095890411 0.518193493150685 0.4106378424657534 0.5428082191780821 0.4106378424657534 0.5663527397260274 0.4084974315068493 0.5898972602739726 0.403146404109589 0.6284246575342466 0.403146404109589 0.6412671232876712 0.3860231164383562 0.6883561643835616 0.38495291095890405 0.7119006849315068 0.38174229452054786 0.735445205479452 0.3774614726027397 0.7579195205479452 0.3763912671232877 0.772902397260274 0.3699700342465754 0.8039383561643836 0.3678296232876712 0.8189212328767124 0.34963613013698625 0.8264126712328768 0.3389340753424658 0.8189212328767124 0.3389340753424658 0.7910958904109588 0.34107448630136983 0.7825342465753424 0.34321489726027393 0.7675513698630136 0.34749571917808214 0.7504280821917808 0.34963613013698625 0.7204623287671232 0.3517765410958904 0.7140410958904109 0.3624785958904109 0.6926369863013698 0.3699700342465754 0.6616010273972603 0.3710402397260274 0.6487585616438356 0.3699700342465754 0.6209332191780821 0.3678296232876712 0.598458904109589 0.3667594178082192 0.5866866438356164 0.3731806506849315 0.558861301369863 0.37532106164383555 0.540667808219178 0.37853167808219174 0.5160530821917808 0.3699700342465754 0.5085616438356164 0.3614083904109589 0.4882277397260274 0.34107448630136983 0.4796660958904109 0.3196703767123288 0.4689640410958904 0.3089683219178082 0.46040239726027393 0.29719606164383555 0.41973458904109584
0 0.6910316780821917 0.4539811643835616 0.697452910958904 0.43043664383561636 0.7060145547945206 0.422945205479452 0.7188570205479452 0.4539811643835616 0.7306292808219178 0.4571917808219178 0.733839897260274 0.47645547945205474 0.735980308219178 0.49892979452054786 0.733839897260274 0.5299657534246575 0.7306292808219178 0.5535102739726028 0.7231378424657533 0.5759845890410958 0.7156464041095891 0.5909674657534246 0.7070847602739725 0.6284246575342466 0.6995933219178083 0.6466181506849316 0.6888912671232876 0.6637414383561644 0.6653467465753424 0.7022688356164384 0.6525042808219178 0.7215325342465754 0.6460830479452054 0.7054794520547946 0.6599957191780822 0.6605308219178082 0.6610659246575341 0.6498287671232876 0.6813998287671232 0.6230736301369862 0.6888912671232876 0.6027397260273972 0.6942422945205479 0.578125 0.6899614726027398 0.5417380136986301 0.6835402397260275 0.5064212328767124 0.6835402397260275 0.4657534246575342
0 0.8098244863013699 0.8274828767123287 0.8547731164383562 0.7996575342465754 0.8697559931506849 0.851027397260274 0.8472816780821917 0.871361301369863 0.8226669520547946 0.892765410958904 0.8087542808219178 0.9173801369863014 0.7980522260273972 0.8916952054794521 0.7991224315068493 0.8649400684931507 0.7959118150684932 0.852097602739726 0.7852097602739725 0.831763698630137 0.7862799657534246 0.8114297945205479
0 0.7509631849315068 0.9034674657534246 0.7809289383561644 0.9023972602739725 0.8012628424657533 0.930222602739726 0.813035102739726 0.9452054794520548 0.7830693493150684 0.9591181506849316 0.7852097602739725 0.9826626712328768 0.7680864726027398 0.9922945205479452 0.7680864726027398 0.970890410958904 0.7659460616438356 0.9452054794520548 0.7616652397260275 0.9355736301369862
