1 0.02857448630136985 0.16502568493150685 0.24368578767123283 0.1703767123287671 0.24154537671232879 0.08690068493150685 0.03820633561643834 0.08797089041095889 0.041416952054794495 0.1500428082191781
1 0.27579195205479445 0.09760273972602738 0.2704409246575342 0.1372003424657534 0.4459546232876712 0.13398972602739725 0.4459546232876712 0.09653253424657533 0.29077482876712324 0.09653253424657533
1 0.6107662671232876 0.0783390410958904 0.6086258561643836 0.14362157534246572 0.8676155821917808 0.1564640410958904 0.927547089041096 0.15967465753424656 0.9211258561643836 0.0783390410958904 0.6214683219178083 0.07084760273972601
1 0.8676155821917808 0.3758561643835616 0.8547731164383562 0.892765410958904 0.9264768835616438 0.9109589041095891 0.946810787671233 0.3715753424657534
0 0.5754494863013699 0.17144691780821916 0.5444135273972602 0.16502568493150685 0.5379922945205479 0.17251712328767121 0.5337114726027398 0.19071061643835616 0.536922089041096 0.20248287671232873 0.5508347602739725 0.21853595890410954 0.5733090753424657 0.2313784246575342 0.5808005136986301 0.23244863013698627 0.597923801369863 0.23030821917808217 0.6043450342465754 0.22281678082191778 0.6043450342465754 0.19499143835616436 0.6043450342465754 0.18321917808219176 0.5893621575342465 0.1607448630136986 0.5572559931506849 0.14576198630136986 0.5390625 0.1543236301369863
0 0.7028039383561644 0.38869863013698625 0.6995933219178083 0.40796232876712324 0.7038741438356164 0.4186643835616438 0.6985231164383562 0.47110445205479445 0.712435787671233 0.4775256849315069 0.7274186643835616 0.49571917808219174 0.7199272260273972 0.5321061643835616 0.7092251712328768 0.5567208904109588 0.6995933219178083 0.5759845890410958 0.6953125 0.5877568493150684 0.693172089041096 0.596318493150685 0.6963827054794521 0.6102311643835616 0.7017337328767124 0.618792808219178 0.7038741438356164 0.6337756849315068 0.7188570205479452 0.6487585616438356 0.7381207191780822 0.6508989726027397 0.7488227739726027 0.6733732876712328 0.7798587328767124 0.6840753424657534 0.8001926369863014 0.6658818493150684 0.7969820205479452 0.6016695205479452 0.7841395547945206 0.5877568493150684 0.7873501712328768 0.5321061643835616 0.7852097602739725 0.4839469178082192 0.7723672945205479 0.44541952054794515 0.7723672945205479 0.422945205479452 0.7787885273972602 0.3876284246575342 0.752033390410959 0.3694349315068493 0.7477525684931507 0.38013698630136983 0.7477525684931507 0.38869863013698625 0.7156464041095891 0.3876284246575342
0 0.7370505136986301 0.1735873287671233 0.7242080479452054 0.20462328767123283 0.7242080479452054 0.21960616438356162 0.7327696917808219 0.227097602739726 0.7434717465753424 0.227097602739726 0.7638056506849316 0.21746575342465752 0.7734375 0.21425513698630133 0.7873501712328768 0.21425513698630133 0.8034032534246576 0.227097602739726 0.814105308219178 0.2367294520547945 0.832298801369863 0.23994006849315067 0.853702910958904 0.23886986301369859 0.8676155821917808 0.2313784246575342 0.870826198630137 0.21211472602739723 0.8697559931506849 0.19071061643835616 0.849422089041096 0.18107876712328766 0.8290881849315068 0.16930650684931506 0.8012628424657533 0.1660958904109589 0.7648758561643836 0.17144691780821916
0 0.43097174657534243 0.8949058219178083 0.4288313356164384 0.9248715753424657 0.43097174657534243 0.9334332191780822 0.4288313356164384 0.9569777397260275 0.42776113013698625 0.966609589041096 0.4266909246575342 0.9741010273972602 0.44381421232876705 0.9848030821917808 0.46307791095890405 0.9912243150684932 0.47913099315068486 0.9933647260273972 0.4973244863013699 0.9922945205479452 0.5101669520547946 0.9826626712328768 0.521939212328767 0.9548373287671232 0.5176583904109588 0.9323630136986301 0.5101669520547946 0.9066780821917808 0.5090967465753424 0.8874143835616438 0.5165881849315068 0.873501712328767 0.5262200342465754 0.8574486301369862 0.47270976027397255 0.8488869863013699 0.4513056506849315 0.852097602739726 0.3870933219178082 0.8563784246575341 0.4138484589041096 0.8638698630136986 0.4245505136986301 0.8788527397260275
0 0.2704409246575342 0.9741010273972602 0.30682791095890405 0.9912243150684932 0.3367936643835616 0.9922945205479452 0.35926797945205474 0.9922945205479452 0.3614083904109589 0.9505565068493151 0.3614083904109589 0.9366438356164384 0.3614083904109589 0.9280821917808219 0.3421446917808219 0.9216609589041095 0.32181078767123283 0.9216609589041095 0.2982662671232877 0.9216609589041095 0.2779323630136986 0.9216609589041095 0.2704409246575342 0.9345034246575341 0.26616010273972596 0.9569777397260275
0 0.5872217465753424 0.9184503424657533 0.5882919520547946 0.9056078767123287 0.600064212328767 0.8874143835616438 0.6203981164383562 0.8863441780821917 0.6418022260273972 0.8938356164383562 0.6546446917808219 0.9205907534246576 0.6706977739726027 0.930222602739726 0.6706977739726027 0.9526969178082192 0.6503638698630138 0.9580479452054794 0.6471532534246576 0.9730308219178083 0.6118364726027398 0.9773116438356164 0.5872217465753424 0.9741010273972602 0.5829409246575341 0.9569777397260275 0.5840111301369862 0.9398544520547946
1 0.8793878424657533 0.18107876712328766 0.8986515410958903 0.35124143835616434 0.9243364726027398 0.36515410958904104 0.9211258561643836 0.2570633561643835 0.948951198630137 0.23886986301369859 0.9500214041095891 0.16288527397260272 0.8783176369863014 0.1660958904109589
0 0.02429366438356162 0.2570633561643835 0.013591609589041065 0.284888698630137 0.00824058219178081 0.3148544520547945 0.016802226027397227 0.3330479452054794 0.04569777397260273 0.34910102739726023 0.05425941780821919 0.3501712328767123 0.06068065068493152 0.32769691780821913 0.06389126712328767 0.3084332191780822 0.06603167808219172 0.2902397260273972 0.06603167808219172 0.27953767123287665 0.03820633561643834 0.2773972602739726 0.03285530821917804 0.26883561643835613
