1 0.3293022260273973 0.1350599315068493 0.3046875 0.0451626712328767 0.3293022260273973 0.006635273972602727 0.42241010273972596 0.0023544520547945083 0.7841395547945206 0.3544520547945205 0.8215967465753424 0.45826198630136983 0.775577910958904 0.6230736301369862
1 0.1955265410958904 0.25920376712328763 0.3796018835616438 0.4379280821917808 0.403146404109589 0.49892979452054786 0.3860231164383562 0.5695633561643836 0.31324914383561636 0.520333904109589 0.2008775684931506 0.4015410958904109 0.1794734589041096 0.34696061643835613
0 0.003959760273972579 0.09118150684931506 0.04462756849315066 0.0783390410958904 0.05854023972602738 0.09118150684931506 0.09920804794520546 0.09546232876712328 0.13987585616438353 0.10402397260273973 0.15164811643835616 0.10830479452054793 0.18375428082191778 0.10509417808219176 0.19231592465753425 0.09332191780821916 0.2008775684931506 0.05586472602739725 0.19873715753424656 0.044092465753424646 0.19231592465753425 0.019477739726027385 0.1634203767123287 0.01626712328767122 0.12275256849315061 0.013056506849315058 0.10241866438356162 0.010916095890410949 0.06603167808219172 0.007705479452054782 0.022153253424657526 0.005565068493150674 0.0 0.010567416040653982 0.0 0.03874143835616437 0.0 0.06228595890410958 0.0 0.090111301369863
1 0.7852097602739725 0.618792808219178 0.8504922945205479 0.6883561643835616 0.910423801369863 0.7279537671232876 0.946810787671233 0.7632705479452054 0.9767765410958903 0.8210616438356164 0.9714255136986301 0.869220890410959 0.9639340753424657 0.9238013698630138 0.9296875 0.9526969178082192 0.8890196917808219 0.9141695205479452 0.8665453767123287 0.8949058219178083 0.8205265410958903 0.8595890410958903 0.8055436643835616 0.8413955479452054 0.7969820205479452 0.8424657534246576 0.7413313356164384 0.8050085616438356 0.7081549657534246 0.7557791095890412 0.7028039383561644 0.7322345890410958 0.693172089041096 0.7076198630136986 0.6813998287671232 0.6819349315068493 0.678189212328767 0.6594606164383562 0.6888912671232876 0.6294948630136986 0.697452910958904 0.6005993150684932 0.714576198630137 0.579195205479452 0.7573844178082192 0.6145119863013698 0.7798587328767124 0.6337756849315068
0 0.325021404109589 0.5834760273972602 0.3143193493150685 0.6145119863013698 0.2993364726027397 0.6284246575342466 0.2843535958904109 0.639126712328767 0.27472174657534243 0.6680222602739726 0.2736515410958904 0.6797945205479452 0.2897046232876712 0.7119006849315068 0.3164597602739726 0.715111301369863 0.3400042808219178 0.7001284246575342 0.34749571917808214 0.675513698630137 0.3624785958904109 0.6401969178082192 0.38174229452054786 0.6359160958904109 0.40100599315068497 0.6498287671232876 0.4234803082191781 0.6733732876712328 0.4363227739726027 0.6787243150684932 0.46307791095890405 0.6787243150684932 0.47485017123287676 0.6455479452054794 0.4737799657534246 0.6294948630136986 0.4737799657534246 0.6091609589041096 0.4609375 0.5856164383561644 0.41919948630136983 0.5898972602739726 0.39672517123287665 0.5845462328767124 0.3699700342465754 0.5813356164383562
0 0.25331763698630133 0.7868150684931507 0.2800727739726027 0.775042808219178 0.29077482876712324 0.773972602739726 0.2897046232876712 0.7910958904109588 0.2886344178082192 0.8071489726027398 0.29719606164383555 0.8381849315068493 0.2982662671232877 0.8446061643835616 0.2918450342465754 0.8756421232876713 0.27258133561643827 0.8638698630136986 0.25973886986301364 0.8553082191780822 0.25331763698630133 0.8306934931506849 0.25331763698630133 0.7996575342465754
1 0.3774614726027397 0.8253424657534246 0.4202696917808219 0.7033390410958904 0.5133775684931507 0.8210616438356164 0.46842893835616445 0.929152397260274
1 0.6064854452054794 0.7868150684931507 0.5690282534246576 0.9633989726027398 0.5840447651663405 0.9984375 0.6161172945205479 0.9965753424657533 0.6803296232876713 0.810359589041096 0.676048801369863 0.7910958904109588
0 0.6888912671232876 0.8767123287671232 0.6953125 0.9794520547945206 0.8151755136986301 0.9837328767123287 0.8151755136986301 0.8724315068493151 0.7605950342465754 0.8595890410958903 0.7498929794520548 0.8949058219178083 0.7391909246575341 0.9088184931506849 0.7199272260273972 0.9002568493150684 0.7049443493150684 0.873501712328767
0 0.7199272260273972 0.21960616438356162 0.754173801369863 0.2570633561643835 0.8108946917808219 0.285958904109589 0.8430008561643836 0.2442208904109589 0.8387200342465754 0.1992722602739726 0.853702910958904 0.16502568493150685 0.872966609589041 0.13613013698630136 0.9050727739726028 0.08690068493150685 0.9403895547945206 0.06014554794520547 0.9724957191780822 0.058005136986301366 0.9821275684931507 0.09546232876712328 0.9789169520547946 0.1329195205479452 0.9564426369863014 0.1618150684931507 0.9254066780821917 0.20462328767123283 0.9179152397260275 0.21211472602739723 0.8847388698630138 0.26562499999999994 0.8847388698630138 0.30415239726027393 0.8590539383561644 0.3383989726027397 0.8066138698630138 0.3362585616438356 0.7809289383561644 0.3287671232876712 0.7531035958904109 0.3095034246575342 0.7295590753424657 0.25920376712328763 0.6963827054794521 0.24957191780821913 0.7017337328767124 0.20676369863013697
1 0.037136130136986266 0.7964469178082192 0.2254922945205479 0.6294948630136986 0.24475599315068494 0.693707191780822 0.0649614726027397 0.8467465753424657
1 0.051048801369862985 0.3758561643835616 0.12275256849315061 0.20141267123287668 0.057470034246575354 0.11579623287671233 0.0 0.2477644596651445 0.0 0.3330479452054794
0 0.5690282534246576 0.480736301369863 0.5957833904109588 0.4839469178082192 0.6064854452054794 0.5310359589041096 0.6054152397260275 0.5674229452054794 0.5936429794520548 0.6070205479452054 0.5765196917808219 0.5856164383561644 0.5722388698630138 0.5620719178082192 0.5658176369863014 0.5449486301369862 0.5658176369863014 0.5353167808219178 0.5636772260273972 0.5128424657534246 0.5636772260273972 0.49892979452054786
