1 0.5251498287671232 0.23994006849315067 0.5058861301369862 0.42080479452054786 0.521939212328767 0.42722602739726023 0.5251498287671232 0.42080479452054786 0.6332405821917808 0.44541952054794515 0.6492936643835616 0.26883561643835613
1 0.5230094178082192 0.4636130136986301 0.634310787671233 0.49250856164383555 0.6321703767123287 0.5535102739726028 0.7028039383561644 0.5631421232876712 0.6985231164383562 0.6830051369863013 0.6225385273972602 0.6883561643835616 0.6032748287671232 0.892765410958904 0.48448202054794526 0.8242722602739725
1 0.10241866438356162 0.7108304794520548 0.1858946917808219 0.7504280821917808 0.23833476027397255 0.7611301369863013 0.24475599315068494 0.7504280821917808 0.3870933219178082 0.795376712328767 0.3678296232876712 0.9848030821917808 0.3260916095890411 0.9676797945205479 0.32181078767123283 0.9548373287671232 0.2329837328767123 0.9334332191780822 0.21800085616438353 0.9548373287671232 0.07887414383561638 0.9163099315068493
1 0.168771404109589 0.03232020547945204 0.12061215753424656 0.4882277397260274 0.2543878424657534 0.5502996575342466 0.28649400684931503 0.3619434931506849 0.4234803082191781 0.3929794520547945 0.4491652397260274 0.2131849315068493 0.32288099315068497 0.1757277397260274 0.2939854452054794 0.14362157534246572 0.3111087328767123 0.03767123287671232
1 0.9403895547945206 0.08369006849315067 0.9339683219178083 0.14148116438356165 0.9984375 0.1629708904109589 0.9984375 0.08797089041095889
0 0.3870933219178082 0.39619006849315064 0.3624785958904109 0.4122431506849315 0.3453553082191781 0.441138698630137 0.3389340753424658 0.4882277397260274 0.35926797945205474 0.5256849315068493 0.38174229452054786 0.5428082191780821 0.4106378424657534 0.5267551369863013 0.4234803082191781 0.5107020547945205 0.4288313356164384 0.4882277397260274 0.4384631849315069 0.46147260273972596 0.4395333904109589 0.441138698630137 0.42133989726027393 0.41438356164383555 0.402076198630137 0.3951198630136986
0 0.7060145547945206 0.03981164383561643 0.7498929794520548 0.014126712328767114 0.7777183219178083 0.04088184931506848 0.8012628424657533 0.06121575342465753 0.8194563356164384 0.02910958904109588 0.8419306506849316 0.03553082191780821 0.8526327054794521 0.06870719178082191 0.8397902397260275 0.109375 0.8269477739726028 0.1350599315068493 0.8248073630136986 0.15218321917808217 0.8173159246575341 0.18107876712328766 0.8001926369863014 0.20676369863013697 0.790560787671233 0.22495719178082188 0.8569135273972602 0.23886986301369859 0.8483518835616438 0.2913099315068493 0.8355094178082192 0.3405393835616438 0.792701198630137 0.3972602739726027 0.7894905821917808 0.42936643835616434 0.7884203767123287 0.46682363013698625 0.7873501712328768 0.4967893835616438 0.7445419520547946 0.4892979452054794 0.733839897260274 0.45184075342465746 0.7306292808219178 0.422945205479452 0.7209974315068493 0.3972602739726027 0.7060145547945206 0.3715753424657534 0.6899614726027398 0.3330479452054794 0.6706977739726027 0.30308219178082185 0.6717679794520548 0.2581335616438356 0.6771190068493151 0.22923801369863012 0.6813998287671232 0.2035530821917808 0.6856806506849316 0.1703767123287671 0.6867508561643836 0.15111301369863012 0.6867508561643836 0.1254280821917808 0.6888912671232876 0.10509417808219176 0.6942422945205479 0.07726883561643835
0 0.8226669520547946 0.42936643835616434 0.8076840753424657 0.4561215753424658 0.8194563356164384 0.49250856164383555 0.8601241438356164 0.5256849315068493 0.8718964041095891 0.4721746575342466 0.8697559931506849 0.442208904109589 0.870826198630137 0.4186643835616438 0.8333690068493151 0.42080479452054786
0 0.9232662671232876 0.6926369863013698 0.9446703767123287 0.7065496575342466 0.948951198630137 0.7322345890410958 0.9521618150684932 0.7440068493150684 0.968214897260274 0.7664811643835616 0.9810573630136986 0.7910958904109588 0.988548801369863 0.8125 0.990689212328767 0.8264126712328768 0.9831977739726028 0.8456763698630138 0.9575128424657533 0.8499571917808219 0.9414597602739725 0.8542380136986301 0.931827910958904 0.8670804794520548 0.9254066780821917 0.869220890410959 0.910423801369863 0.8595890410958903 0.8954409246575341 0.8617294520547946 0.8772474315068493 0.853167808219178 0.8365796232876713 0.833904109589041 0.8397902397260275 0.810359589041096 0.8697559931506849 0.7803938356164384 0.8783176369863014 0.7557791095890412 0.8804580479452054 0.7472174657534246 0.8697559931506849 0.7226027397260274 0.8515625 0.695847602739726 0.8515625 0.6594606164383562 0.8526327054794521 0.6519691780821917 0.8633347602739725 0.6530393835616438 0.9029323630136986 0.6648116438356164 0.908283390410959 0.6787243150684932
0 0.8622645547945206 0.8788527397260275 0.8825984589041095 0.8959760273972602 0.8815282534246576 0.9259417808219178 0.8783176369863014 0.949486301369863 0.8740368150684932 0.9741010273972602 0.8579837328767124 0.9922945205479452 0.8312285958904109 0.9933647260273972 0.8098244863013699 0.9933647260273972 0.8044734589041095 0.9537671232876713 0.8034032534246576 0.9270119863013699 0.8387200342465754 0.892765410958904 0.8098244863013699 0.8895547945205479
0 0.4245505136986301 0.9163099315068493 0.46628852739726023 0.9152397260273972 0.47485017123287676 0.9259417808219178 0.47806078767123295 0.9430650684931507 0.47806078767123295 0.9623287671232876 0.48448202054794526 0.9730308219178083 0.47913099315068486 0.9826626712328768 0.45986729452054786 0.988013698630137 0.4331121575342466 0.9922945205479452 0.41170804794520544 0.990154109589041 0.40635702054794515 0.96875 0.402076198630137 0.951626712328767 0.40956763698630133 0.9355736301369862
0 0.4459546232876712 0.6327054794520548 0.46521832191780826 0.6519691780821917 0.47806078767123295 0.6733732876712328 0.48555222602739717 0.6904965753424658 0.4866224315068493 0.7086900684931507 0.48555222602739717 0.7268835616438356 0.48448202054794526 0.7504280821917808 0.47913099315068486 0.7611301369863013 0.4737799657534246 0.7878852739726028 0.46949914383561636 0.810359589041096 0.46949914383561636 0.8221318493150684 0.4641481164383562 0.8360445205479452 0.4641481164383562 0.853167808219178 0.46307791095890405 0.8627996575342465 0.47913099315068486 0.9066780821917808 0.4513056506849315 0.9045376712328768 0.4448844178082192 0.8981164383561644 0.4202696917808219 0.8970462328767124 0.4084974315068493 0.8831335616438356 0.41277825342465746 0.8360445205479452 0.40956763698630133 0.8167808219178083 0.4266909246575342 0.794306506849315 0.4352525684931507 0.7857448630136986 0.4480950342465754 0.7579195205479452 0.4288313356164384 0.7472174657534246 0.43204195205479456 0.7311643835616438 0.43204195205479456 0.7086900684931507 0.4384631849315069 0.696917808219178 0.4459546232876712 0.6819349315068493 0.4384631849315069 0.6616010273972603
0 0.12061215753424656 0.5214041095890412 0.17305222602739728 0.5363869863013698 0.17305222602739728 0.5502996575342466 0.1784032534246575 0.5770547945205479 0.1794734589041096 0.5931078767123288 0.1794734589041096 0.6080907534246575 0.1784032534246575 0.6327054794520548 0.17519263698630133 0.6519691780821917 0.16020976027397255 0.6498287671232876 0.1270333904109589 0.6444777397260274 0.09920804794520546 0.6327054794520548 0.09813784246575344 0.615582191780822 0.0756635273972602 0.6113013698630136 0.08743578767123283 0.598458904109589 0.09385702054794516 0.5706335616438356 0.10241866438356162 0.5535102739726028 0.1066994863013698 0.5353167808219178
0 0.07459332191780818 0.11258561643835616 0.07887414383561638 0.1211472602739726 0.09385702054794516 0.1500428082191781 0.09385702054794516 0.1586044520547945 0.09278681506849314 0.17893835616438356 0.08422517123287668 0.19606164383561644 0.07887414383561638 0.20569349315068491 0.04462756849315066 0.1971318493150685 0.04034674657534243 0.17893835616438356 0.04034674657534243 0.1586044520547945 0.04034674657534243 0.14576198630136986 0.05639982876712324 0.1329195205479452 0.06603167808219172 0.12756849315068491
0 0.49090325342465757 0.006635273972602727 0.500535102739726 0.03981164383561643 0.5165881849315068 0.04944349315068493 0.5058861301369862 0.07940924657534246 0.5026755136986301 0.10295376712328766 0.5262200342465754 0.14041095890410957 0.5347816780821917 0.11686643835616436 0.5444135273972602 0.12970890410958905 0.5743792808219178 0.13398972602739725 0.5829409246575341 0.13398972602739725 0.5840111301369862 0.10616438356164382 0.5872217465753424 0.0783390410958904 0.5989940068493149 0.05693493150684931 0.6139768835616438 0.04944349315068493 0.6225385273972602 0.023758561643835607 0.634310787671233 0.04088184931506848 0.6418022260273972 0.05907534246575341 0.6546446917808219 0.06014554794520547 0.6621361301369862 0.0451626712328767 0.6685573630136986 0.030179794520547937 0.6546446917808219 0.006635273972602727 0.6311001712328768 0.004494863013698619 0.597923801369863 0.010916095890410949 0.5818707191780822 0.011986301369863003 0.541202910958904 0.011986301369863003 0.5272902397260275 0.007705479452054782
0 0.9596532534246576 0.1992722602739726 0.931827910958904 0.22174657534246572 0.9243364726027398 0.25920376712328763 0.912564212328767 0.2934503424657534 0.9018621575342465 0.3212756849315068 0.9029323630136986 0.3523116438356164 0.9072131849315068 0.3790667808219178 0.9296875 0.402611301369863 0.9403895547945206 0.40368150684931503 0.9532320205479452 0.402611301369863 0.9564426369863014 0.41973458904109584 0.9596532534246576 0.43578767123287665 0.9650042808219178 0.4539811643835616 0.969285102739726 0.4743150684931507 0.9874785958904109 0.4732448630136986 0.988548801369863 0.4625428082191781 0.9938998287671232 0.4475599315068493 0.9960402397260275 0.4315068493150685 0.9971104452054794 0.40368150684931503 0.9960402397260275 0.3705051369863014 0.9938998287671232 0.21211472602739723
