1 0.4812714041095891 0.3854880136986301 0.5829409246575341 0.21639554794520546 0.6728381849315068 0.2977311643835616 0.5647474315068493 0.4625428082191781
1 0.6856806506849316 0.2998715753424657 0.813035102739726 0.1307791095890411 0.9029323630136986 0.22388698630136986 0.7852097602739725 0.3940496575342466
1 0.600064212328767 0.1917808219178082 0.6878210616438356 0.2977311643835616 0.8098244863013699 0.12756849315068491 0.712435787671233 0.021618150684931496
1 0.8001926369863014 0.4122431506849315 0.870826198630137 0.4839469178082192 0.9767765410958903 0.3319777397260274 0.8965111301369862 0.2538527397260274
1 0.5904323630136986 0.47003424657534243 0.6749785958904109 0.3298373287671233 0.7830693493150684 0.43043664383561636 0.6717679794520548 0.5813356164383562
1 0.009310787671232834 0.7086900684931507 0.25331763698630133 0.35873287671232873 0.34749571917808214 0.4561215753424658 0.10348886986301364 0.8071489726027398 0.05425941780821919 0.7461472602739726 0.04462756849315066 0.7108304794520548
1 0.12489297945205476 0.8242722602739725 0.21479023972602737 0.6776541095890412 0.31003852739726023 0.754708904109589 0.21800085616438353 0.9056078767123287
1 0.21907106164383555 0.9034674657534246 0.34321489726027393 0.753638698630137 0.41598886986301364 0.8114297945205479 0.31217893835616434 0.9944349315068493
1 0.47270976027397255 0.7568493150684932 0.597923801369863 0.8820633561643836 0.6674871575342465 0.7868150684931507 0.5444135273972602 0.6487585616438356
0 0.10776969178082192 0.49250856164383555 0.13131421232876708 0.4636130136986301 0.1473672945205479 0.4122431506849315 0.1580693493150685 0.3672945205479452 0.19231592465753425 0.32020547945205474 0.2158604452054794 0.2923801369863014 0.2543878424657534 0.2923801369863014 0.30040667808219174 0.30629280821917804 0.3603381849315069 0.33411815068493145 0.3945847602739726 0.34160958904109584 0.41277825342465746 0.31806506849315064 0.4331121575342466 0.2913099315068493 0.4737799657534246 0.26883561643835613 0.5037457191780822 0.2538527397260274 0.5497645547945206 0.22816780821917804 0.5733090753424657 0.20034246575342465 0.5818707191780822 0.1778681506849315 0.5658176369863014 0.1543236301369863 0.5754494863013699 0.11151541095890409 0.578660102739726 0.02910958904109588 0.5390625 0.019477739726027385 0.4491652397260274 0.02482876712328766 0.39672517123287665 0.02054794520547944 0.33358304794520544 0.017337328767123274 0.26937071917808214 0.017337328767123274 0.2511772260273973 0.017337328767123274 0.19231592465753425 0.015196917808219166 0.1537885273972602 0.015196917808219166 0.12596318493150677 0.01626712328767122 0.10348886986301364 0.017337328767123274 0.0703125 0.03874143835616437 0.04569777397260273 0.06549657534246575 0.02857448630136985 0.09225171232876711 0.027504280821917783 0.10188356164383561 0.02429366438356162 0.11686643835616436 0.014661815068493133 0.15753424657534246 0.00824058219178081 0.1896404109589041 0.0061001712328766725 0.20569349315068491 0.005029965753424648 0.23994006849315067 0.0061001712328766725 0.2784674657534246 0.0007491438356164171 0.3223458904109589 0.0 0.3373287671232872 0.00288955479452051 0.42936643835616434 0.0018193493150684414 0.46040239726027393 0.0061001712328766725 0.5310359589041096 0.015732020547945157 0.5620719178082192 0.0360659246575342 0.5684931506849316 0.07673373287671233 0.5502996575342466 0.0852953767123287 0.5363869863013698 0.09492722602739727 0.5117722602739726
0 0.36461900684931503 0.4839469178082192 0.35070633561643827 0.4315068493150685 0.3742508561643835 0.4090325342465754 0.3988655821917808 0.4101027397260274 0.4149186643835616 0.42936643835616434 0.43097174657534243 0.4432791095890411 0.4406035958904109 0.47110445205479445 0.4406035958904109 0.49571917808219174 0.4052868150684931 0.5096318493150684 0.38495291095890405 0.502140410958904
0 0.6482234589041095 0.597388698630137 0.6706977739726027 0.6262842465753424 0.6653467465753424 0.6797945205479452 0.7177868150684932 0.6712328767123288 0.7199272260273972 0.6626712328767124 0.7156464041095891 0.6423373287671232 0.714576198630137 0.6113013698630136 0.6995933219178083 0.5877568493150684 0.676048801369863 0.5877568493150684 0.6182577054794521 0.6016695205479452
0 0.7252782534246576 0.8435359589041095 0.7573844178082192 0.8456763698630138 0.7584546232876713 0.8585188356164384 0.775577910958904 0.9109589041095891 0.790560787671233 0.9152397260273972 0.8269477739726028 0.8809931506849316 0.8472816780821917 0.9013270547945206 0.8569135273972602 0.9377140410958903 0.8569135273972602 0.9548373287671232 0.8248073630136986 0.9955051369863014 0.8023330479452054 0.9922945205479452 0.7830693493150684 0.970890410958904 0.7734375 0.9912243150684932 0.6921018835616438 0.990154109589041 0.6621361301369862 0.9933647260273972 0.6486087328767121 0.9984375 0.6482234589041095 0.9676797945205479 0.6664169520547946 0.9398544520547946 0.6921018835616438 0.8981164383561644 0.6963827054794521 0.8820633561643836 0.7049443493150684 0.8595890410958903
0 0.756314212328767 0.7493578767123288 0.7552440068493151 0.7846746575342466 0.8023330479452054 0.8135702054794521 0.8258775684931507 0.8189212328767124 0.8483518835616438 0.7975171232876712 0.853702910958904 0.7664811643835616 0.8622645547945206 0.7440068493150684 0.8654751712328768 0.7140410958904109 0.8751070205479452 0.694777397260274 0.8868792808219178 0.676583904109589 0.9157748287671232 0.6701626712328766 0.9457405821917808 0.6808647260273972 0.9650042808219178 0.657320205479452 0.9778467465753424 0.6444777397260274 0.9831977739726028 0.616652397260274 0.9984375 0.599507705479452 0.9984375 0.5492294520547946 0.9984375 0.5256849315068493 0.9671446917808219 0.5288955479452054 0.9617936643835616 0.5513698630136986 0.9436001712328768 0.5513698630136986 0.908283390410959 0.5524400684931507 0.9040025684931507 0.5642123287671232 0.8718964041095891 0.596318493150685 0.8718964041095891 0.618792808219178 0.8590539383561644 0.636986301369863 0.8526327054794521 0.6359160958904109 0.8333690068493151 0.6241438356164384 0.813035102739726 0.6284246575342466 0.8034032534246576 0.6690924657534246 0.8162457191780822 0.7001284246575342 0.7830693493150684 0.715111301369863 0.7723672945205479 0.7268835616438356
0 0.07887414383561638 0.9238013698630138 0.05425941780821919 0.9377140410958903 0.05639982876712324 0.9601883561643836 0.08101455479452051 0.9676797945205479 0.10455907534246575 0.9537671232876713 0.10455907534246575 0.9398544520547946 0.09920804794520546 0.9259417808219178
0 0.037136130136986266 0.8082191780821917 0.05425941780821919 0.7643407534246575 0.05211900684931505 0.7397260273972603 0.029644691780821873 0.7268835616438356 0.013591609589041065 0.7268835616438356 0.003959760273972579 0.7622003424657534 -6.938893903907229e-19 0.7875428082191778 0.005029965753424648 0.8039383561643836 0.01894263698630132 0.8071489726027398
0 0.8066138698630138 0.014126712328767114 0.8248073630136986 0.04623287671232876 0.8440710616438356 0.08369006849315067 0.8654751712328768 0.10081335616438356 0.8804580479452054 0.12863869863013697 0.9339683219178083 0.1350599315068493 0.9500214041095891 0.1264982876712329 0.9457405821917808 0.09118150684931506 0.9393193493150684 0.06335616438356163 0.9136344178082192 0.044092465753424646 0.8965111301369862 0.02482876712328766 0.8654751712328768 0.01626712328767122 0.8472816780821917 0.010916095890410949 0.8237371575342465 0.006635273972602727
