1 0.7595248287671232 0.4689640410958904 0.7113655821917808 0.7996575342465754 0.7777183219178083 0.8189212328767124 0.8044734589041095 0.6658818493150684 0.8226669520547946 0.6626712328767124 0.8012628424657533 0.8221318493150684 0.8087542808219178 0.8553082191780822 0.8740368150684932 0.8649400684931507 0.8933005136986301 0.695847602739726 0.9061429794520548 0.7011986301369862 0.891160102739726 0.8585188356164384 0.8965111301369862 0.8831335616438356 0.9564426369863014 0.9002568493150684 0.9981806506849316 0.559931506849315 0.8975813356164384 0.5096318493150684 0.8815282534246576 0.558861301369863 0.8793878424657533 0.5117722602739726
1 0.44381421232876705 0.3705051369863014 0.4084974315068493 0.6220034246575342 0.41277825342465746 0.6541095890410958 0.4737799657534246 0.6680222602739726 0.4737799657534246 0.6423373287671232 0.49090325342465757 0.5278253424657534 0.5048159246575341 0.5310359589041096 0.49411386986301375 0.6723030821917808 0.5626070205479452 0.696917808219178 0.5690282534246576 0.5684931506849316 0.5829409246575341 0.5695633561643836 0.578660102739726 0.6862157534246575 0.6321703767123287 0.715111301369863 0.6739083904109588 0.4325770547945205 0.619327910958904 0.4165239726027397 0.6161172945205479 0.4165239726027397 0.5765196917808219 0.40796232876712324 0.558326198630137 0.3790667808219178 0.4759203767123287 0.3683647260273972 0.4716395547945206 0.3758561643835616
1 0.21800085616438353 0.2934503424657534 0.2051583904109589 0.383347602739726 0.22763270547945202 0.3876284246575342 0.22442208904109587 0.4165239726027397 0.19659674657534243 0.4165239726027397 0.18161386986301364 0.6273544520547946 0.32181078767123283 0.6862157534246575 0.34107448630136983 0.46468321917808214 0.28114297945205474 0.44006849315068497 0.2822131849315069 0.4090325342465754 0.34107448630136983 0.42401541095890405 0.3560573630136986 0.324486301369863
1 0.0360659246575342 0.23244863013698627 0.026434075342465713 0.32020547945205474 0.04569777397260273 0.3309075342465753 0.04034674657534243 0.36515410958904104 0.016802226027397227 0.3662243150684931 0.014661815068493133 0.45505136986301364 0.005029965753424648 0.5470890410958904 0.12168236301369859 0.618792808219178 0.13559503424657535 0.5149828767123288 0.1484375 0.4058219178082192 0.09492722602739727 0.38013698630136983 0.1066994863013698 0.3394691780821918 0.1537885273972602 0.36515410958904104 0.15699914383561636 0.383347602739726 0.1784032534246575 0.2934503424657534
1 0.2008775684931506 0.888484589041096 0.19017551369863012 0.9944349315068493 0.3432737585616426 0.9984375 0.3624785958904109 0.9323630136986301 0.20729880136986303 0.8799229452054794
1 0.003959760273972579 0.8189212328767124 0.15592893835616434 0.853167808219178 0.15271832191780818 0.9869434931506849 0.003959760273972579 0.9944349315068493
0 0.3560573630136986 0.0023544520547945083 0.34107448630136983 0.044092465753424646 0.3828125 0.08369006849315067 0.4084974315068493 0.10295376712328766 0.4052868150684931 0.1382705479452055 0.4042166095890411 0.1800085616438356 0.41919948630136983 0.20569349315068491 0.46307791095890405 0.1992722602739726 0.4641481164383562 0.17465753424657532 0.48983304794520544 0.20462328767123283 0.500535102739726 0.22388698630136986 0.5101669520547946 0.23030821917808217 0.5422731164383562 0.24850171232876708 0.5872217465753424 0.2442208904109589 0.6032748287671232 0.2442208904109589 0.6022046232876713 0.2699058219178082 0.6407320205479452 0.22816780821917804 0.656785102739726 0.23886986301369859 0.6621361301369862 0.2581335616438356 0.7017337328767124 0.26883561643835613 0.712435787671233 0.20462328767123283 0.712435787671233 0.1939212328767123 0.7220676369863014 0.13613013698630136 0.6846104452054794 0.10509417808219176 0.6910316780821917 0.06549657534246575 0.6985231164383562 0.03446061643835615 0.6696275684931507 0.01626712328767122 0.6492936643835616 0.009845890410958891 0.5904323630136986 0.005565068493150674 0.536922089041096 0.005565068493150674 0.47913099315068486 0.0023544520547945083 0.39672517123287665 0.0023544520547945083
0 0.7605950342465754 0.19820205479452052 0.756314212328767 0.22495719178082188 0.7477525684931507 0.24957191780821913 0.7434717465753424 0.2741866438356164 0.7445419520547946 0.2880993150684931 0.7648758561643836 0.3116438356164383 0.8012628424657533 0.32555650684931503 0.834439212328767 0.32662671232876705 0.8269477739726028 0.28702910958904104 0.8269477739726028 0.24743150684931506 0.8258775684931507 0.22174657534246572 0.8076840753424657 0.2035530821917808 0.7862799657534246 0.19606164383561644
0 0.868685787671233 0.3330479452054794 0.8408604452054794 0.36087328767123283 0.8269477739726028 0.3737157534246575 0.8258775684931507 0.3940496575342466 0.8258775684931507 0.4015410958904109 0.8258775684931507 0.4165239726027397 0.8290881849315068 0.4282962328767123 0.8387200342465754 0.441138698630137 0.8665453767123287 0.4636130136986301 0.8847388698630138 0.442208904109589 0.8890196917808219 0.40475171232876705 0.8943707191780822 0.3876284246575342 0.9136344178082192 0.38441780821917804 0.931827910958904 0.37264554794520544 0.9382491438356164 0.3662243150684931 0.9500214041095891 0.3298373287671233 0.951091609589041 0.3116438356164383 0.931827910958904 0.2998715753424657 0.9136344178082192 0.30415239726027393 0.892230308219178 0.3394691780821918
0 0.6888912671232876 0.5107020547945205 0.6728381849315068 0.5310359589041096 0.6642765410958903 0.5502996575342466 0.6525042808219178 0.5813356164383562 0.6546446917808219 0.617722602739726 0.6535744863013699 0.6466181506849316 0.6471532534246576 0.6669520547945205 0.6664169520547946 0.6637414383561644 0.6824700342465754 0.6541095890410958 0.7113655821917808 0.6209332191780821 0.7252782534246576 0.5920376712328766 0.7316994863013699 0.5631421232876712 0.7402611301369862 0.5321061643835616 0.7456121575342465 0.501070205479452 0.7295590753424657 0.49571917808219174 0.7156464041095891 0.4946489726027397 0.6985231164383562 0.5053510273972602
0 0.25545804794520544 0.7268835616438356 0.30361729452054786 0.7183219178082192 0.3164597602739726 0.735445205479452 0.2918450342465754 0.7611301369863013 0.2618792808219178 0.7654109589041096 0.2511772260273973 0.7397260273972603
0 0.501605308219178 0.7065496575342466 0.4716395547945206 0.6915667808219178 0.44702482876712324 0.6872859589041096 0.43097174657534243 0.6894263698630136 0.41170804794520544 0.696917808219178 0.383882705479452 0.7022688356164384 0.38067208904109584 0.7472174657534246 0.4074272260273973 0.7643407534246575 0.44381421232876705 0.7472174657534246 0.4545162671232877 0.7450770547945205 0.4459546232876712 0.7771832191780822 0.501605308219178 0.7889554794520548 0.5123073630136986 0.794306506849315 0.5294306506849316 0.8253424657534246 0.5454837328767124 0.8488869863013699 0.5540453767123287 0.8488869863013699 0.578660102739726 0.8328339041095891 0.5968535958904109 0.8189212328767124 0.6171875 0.7985873287671232 0.6439426369863014 0.772902397260274 0.6771190068493151 0.7664811643835616 0.693172089041096 0.735445205479452 0.7038741438356164 0.7001284246575342 0.6846104452054794 0.7236729452054794 0.6632063356164384 0.7579195205479452 0.6375214041095891 0.7461472602739726 0.600064212328767 0.717251712328767 0.558326198630137 0.693707191780822 0.5187285958904109 0.7119006849315068
0 0.8440710616438356 0.8681506849315068 0.8333690068493151 0.892765410958904 0.8248073630136986 0.9238013698630138 0.8451412671232876 0.9591181506849316 0.8761772260273972 0.9612585616438356 0.8975813356164384 0.9526969178082192 0.8986515410958903 0.9452054794520548 0.8943707191780822 0.912029109589041 0.891160102739726 0.888484589041096 0.8654751712328768 0.8809931506849316
0 0.7135059931506849 0.8157106164383562 0.6867508561643836 0.794306506849315 0.6706977739726027 0.810359589041096 0.6696275684931507 0.8349743150684932 0.7006635273972602 0.8670804794520548 0.7070847602739725 0.8681506849315068 0.7327696917808219 0.8916952054794521 0.7595248287671232 0.9013270547945206 0.7723672945205479 0.9023972602739725 0.7841395547945206 0.869220890410959 0.7873501712328768 0.8478167808219178 0.7691566780821917 0.8232020547945206 0.752033390410959 0.8285530821917808 0.7306292808219178 0.8167808219178083 0.714576198630137 0.8050085616438356
0 0.3325128424657534 0.2613441780821918 0.3560573630136986 0.2442208904109589 0.3935145547945205 0.2624143835616438 0.4384631849315069 0.22495719178082188 0.46307791095890405 0.25171232876712324 0.48234160958904104 0.2602739726027397 0.5037457191780822 0.2902397260273972 0.5026755136986301 0.3234160958904109 0.48234160958904104 0.33732876712328763 0.4448844178082192 0.3351883561643835 0.4331121575342466 0.35873287671232873 0.4299015410958904 0.37264554794520544 0.42776113013698625 0.40475171232876705 0.4181292808219178 0.4282962328767123 0.41277825342465746 0.4625428082191781 0.39993578767123283 0.5128424657534246 0.3988655821917808 0.5288955479452054 0.3977953767123288 0.5470890410958904 0.3988655821917808 0.5898972602739726 0.3977953767123288 0.6230736301369862 0.38495291095890405 0.6498287671232876 0.35391695205479456 0.6048801369863013 0.35391695205479456 0.5749143835616438 0.35284674657534243 0.5481592465753424 0.35284674657534243 0.5085616438356164 0.3581977739726027 0.4689640410958904 0.363548801369863 0.42722602739726023 0.36568921232876705 0.38869863013698625 0.3678296232876712 0.33411815068493145 0.36461900684931503 0.31378424657534243 0.3325128424657534 0.2988013698630137 0.325021404109589 0.28060787671232873
0 0.15592893835616434 0.17465753424657532 0.22228167808219174 0.14790239726027396 0.24582619863013697 0.16502568493150685 0.246896404109589 0.1928510273972603 0.24582619863013697 0.22923801369863012 0.2511772260273973 0.2538527397260274 0.21800085616438353 0.2752568493150685 0.20194777397260272 0.2988013698630137 0.17733304794520546 0.2763270547945205 0.17733304794520546 0.25171232876712324 0.19124571917808214 0.21532534246575338 0.19766695205479445 0.19071061643835616 0.20622859589041093 0.16502568493150685
0 0.10348886986301364 0.011986301369863003 0.1066994863013698 0.03874143835616437 0.12596318493150677 0.052654109589041084 0.1698416095890411 0.07940924657534246 0.18268407534246575 0.08154965753424656 0.19659674657534243 0.06442636986301369 0.19980736301369859 0.030179794520547937 0.20194777397260272 0.011986301369863003 0.1634203767123287 0.014126712328767114 0.1323844178082192 0.004494863013698619 0.13024400684931506 0.001284246575342454
0 0.7862799657534246 0.06228595890410958 0.771297089041096 0.09974315068493149 0.7841395547945206 0.14041095890410957 0.8055436643835616 0.10295376712328766 0.8044734589041095 0.08583047945205478
0 0.5112371575342465 0.8542380136986301 0.4513056506849315 0.8756421232876713 0.4577268835616438 0.909888698630137 0.4641481164383562 0.9484160958904109 0.47913099315068486 0.9601883561643836 0.5101669520547946 0.9730308219178083 0.5347816780821917 0.949486301369863 0.5401327054794521 0.9238013698630138 0.5272902397260275 0.9023972602739725 0.5123073630136986 0.869220890410959
0 0.6546446917808219 0.9591181506849316 0.6278895547945206 0.9719606164383562 0.597923801369863 0.9815924657534246 0.5872217465753424 0.9944349315068493 0.6610659246575341 0.9944349315068493 0.6642765410958903 0.9730308219178083 0.676048801369863 0.985873287671233 0.676048801369863 0.96875
0 0.17626284246575344 0.6316352739726028 0.15592893835616434 0.6594606164383562 0.1473672945205479 0.694777397260274 0.15164811643835616 0.7183219178082192 0.1698416095890411 0.7290239726027397 0.19231592465753425 0.7183219178082192 0.22442208904109587 0.716181506849315 0.2426155821917808 0.717251712328767 0.25545804794520544 0.6904965753424658 0.24154537671232879 0.6648116438356164 0.2265625 0.6648116438356164 0.2051583904109589 0.675513698630137 0.20194777397260272 0.6508989726027397
0 0.14629708904109587 0.597388698630137 0.168771404109589 0.5952482876712328 0.1858946917808219 0.5727739726027397 0.1858946917808219 0.5524400684931507 0.1858946917808219 0.5267551369863013 0.18803510273972596 0.5 0.16663099315068494 0.4892979452054794 0.13452482876712324 0.5053510273972602 0.1484375 0.5278253424657534 0.14415667808219174 0.5417380136986301 0.1420162671232877 0.558861301369863
0 0.970355308219178 0.1853595890410959 0.9949700342465754 0.15753424657534246 0.9917594178082192 0.1307791095890411 0.9714255136986301 0.13184931506849312 0.9585830479452054 0.1543236301369863
