1 0.7220676369863014 0.38869863013698625 0.716716609589041 0.5363869863013698 0.8333690068493151 0.5652825342465754 0.8547731164383562 0.4250856164383562
1 0.8644049657534246 0.43899828767123283 0.8547731164383562 0.5470890410958904 0.9521618150684932 0.5845462328767124 0.968214897260274 0.4689640410958904
1 0.8676155821917808 0.3191352739726027 0.8547731164383562 0.41759417808219174 0.9778467465753424 0.441138698630137 0.9842679794520548 0.3598030821917808
1 0.7691566780821917 0.014126712328767114 0.7498929794520548 0.10402397260273973 0.756314212328767 0.13184931506849312 0.8751070205479452 0.15218321917808217 0.8954409246575341 0.015196917808219166 0.7789312214611872 0.0
1 0.4106378424657534 0.04730308219178081 0.6717679794520548 0.10402397260273973 0.6418022260273972 0.24529109589041093 0.38174229452054786 0.1853595890410959 0.3945847602739726 0.09974315068493149 0.441673801369863 0.10616438356164382 0.441673801369863 0.08797089041095889 0.38495291095890405 0.07619863013698629
1 0.03820633561643834 0.22816780821917804 0.02536386986301369 0.3555222602739726 0.14415667808219174 0.3972602739726027 0.16770119863013697 0.25920376712328763
1 0.17626284246575344 0.2699058219178082 0.16127996575342465 0.3940496575342466 0.28114297945205474 0.42936643835616434 0.2918450342465754 0.3116438356164383
1 0.1794734589041096 0.11793664383561644 0.17091181506849312 0.25171232876712324 0.3014768835616438 0.29452054794520544 0.3143193493150685 0.1564640410958904
1 0.1580693493150685 0.4122431506849315 0.14950770547945202 0.5417380136986301 0.27151113013698625 0.5706335616438356 0.2790025684931507 0.4464897260273973
1 0.021083047945205456 0.38227739726027393 0.15913955479452052 0.4186643835616438 0.1388056506849315 0.540667808219178 0.0339255136986301 0.5246147260273972 0.010380993150684904 0.4946489726027397
1 0.1484375 0.5695633561643836 0.13666523972602737 0.6840753424657534 0.25010702054794515 0.7119006849315068 0.26294948630136983 0.5898972602739726
1 0.00824058219178081 0.6701626712328766 0.12061215753424656 0.694777397260274 0.10776969178082192 0.8178510273972602 0.0 0.7960898396338251
1 0.1270333904109589 0.7076198630136986 0.12596318493150677 0.833904109589041 0.246896404109589 0.8499571917808219 0.25331763698630133 0.7279537671232876
1 0.3303724315068493 0.7076198630136986 0.32181078767123283 0.8638698630136986 0.44381421232876705 0.9023972602739725 0.45879708904109595 0.7482876712328766
1 0.4609375 0.7589897260273972 0.4523758561643835 0.9045376712328768 0.5872217465753424 0.9398544520547946 0.600064212328767 0.7910958904109588 0.4448844178082192 0.7568493150684932
1 0.7070847602739725 0.6851455479452054 0.6995933219178083 0.8114297945205479 0.8044734589041095 0.8285530821917808 0.814105308219178 0.7033390410958904
1 0.8237371575342465 0.7076198630136986 0.813035102739726 0.8221318493150684 0.9328981164383562 0.8574486301369862 0.9457405821917808 0.7397260273972603
1 0.8387200342465754 0.5706335616438356 0.8365796232876713 0.6915667808219178 0.9403895547945206 0.7215325342465754 0.9457405821917808 0.6787243150684932 0.9500214041095891 0.674443493150685 0.9607234589041095 0.6027397260273972
1 0.814105308219178 0.8392551369863014 0.9403895547945206 0.8617294520547946 0.927547089041096 0.9965753424657533 0.8012628424657533 0.9794520547945206
1 0.5101669520547946 0.3383989726027397 0.5090967465753424 0.4593321917808219 0.6246789383561644 0.4892979452054794 0.636451198630137 0.3779965753424657
1 0.500535102739726 0.4721746575342466 0.619327910958904 0.49785958904109584 0.615047089041096 0.6519691780821917 0.4866224315068493 0.6198630136986301
1 0.35926797945205474 0.45826198630136983 0.4609375 0.4892979452054794 0.4406035958904109 0.6016695205479452 0.34107448630136983 0.5856164383561644
0 0.32288099315068497 0.1382705479452055 0.3207405821917808 0.19820205479452052 0.3153895547945205 0.22495719178082188 0.31324914383561636 0.25599315068493145 0.31003852739726023 0.29666095890410954 0.3207405821917808 0.31378424657534243 0.34428510273972596 0.2773972602739726 0.35070633561643827 0.25171232876712324 0.363548801369863 0.24315068493150682 0.3892337328767123 0.20248287671232873 0.38174229452054786 0.16288527397260272 0.37853167808219174 0.14790239726027396 0.34749571917808214 0.13184931506849312 0.3421446917808219 0.15325342465753425
0 0.9543022260273972 0.1264982876712329 0.931827910958904 0.17679794520547945 0.891160102739726 0.17679794520547945 0.8365796232876713 0.16930650684931506 0.7916309931506849 0.1992722602739726 0.7991224315068493 0.23458904109589035 0.8151755136986301 0.2752568493150685 0.8355094178082192 0.2784674657534246 0.8783176369863014 0.227097602739726 0.931827910958904 0.27204623287671226 0.9371789383561644 0.30201198630136983 0.9564426369863014 0.30415239726027393 0.9767765410958903 0.29666095890410954 0.988548801369863 0.2624143835616438 0.9949700342465754 0.21639554794520546 0.9949700342465754 0.16288527397260272 0.9928296232876713 0.13934075342465752 0.9746361301369862 0.13398972602739725
0 0.6910316780821917 0.8221318493150684 0.7691566780821917 0.8285530821917808 0.7991224315068493 0.8446061643835616 0.7873501712328768 0.8799229452054794 0.7884203767123287 0.9152397260273972 0.7852097602739725 0.9366438356164384 0.7509631849315068 0.9505565068493151 0.6888912671232876 0.970890410958904 0.6685573630136986 0.9419948630136986 0.6610659246575341 0.8959760273972602 0.6728381849315068 0.8660102739726027 0.7017337328767124 0.8467465753424657
0 0.6439426369863014 0.1264982876712329 0.6428724315068493 0.1939212328767123 0.6492936643835616 0.27204623287671226 0.6332405821917808 0.31806506849315064 0.636451198630137 0.3501712328767123 0.6471532534246576 0.40475171232876705 0.6642765410958903 0.38227739726027393 0.6867508561643836 0.3480308219178082 0.6878210616438356 0.3191352739726027 0.6824700342465754 0.266695205479452 0.6803296232876713 0.227097602739726 0.6856806506849316 0.19820205479452052 0.6921018835616438 0.1618150684931507 0.6803296232876713 0.1350599315068493 0.6546446917808219 0.11579623287671233
0 0.48876284246575336 0.014126712328767114 0.4930436643835616 0.03874143835616437 0.5026755136986301 0.05693493150684931 0.5379922945205479 0.06870719178082191 0.577589897260274 0.06870719178082191 0.5989940068493149 0.05372431506849314 0.6032748287671232 0.03553082191780821 0.6054152397260275 0.023758561643835607 0.5936429794520548 0.005565068493150674 0.5700984589041095 0.005565068493150674 0.5497645547945206 0.001284246575342454 0.5305008561643836 0.0023544520547945083 0.49946489726027393 0.0023544520547945083 0.48983304794520544 0.00021404109589039864
0 0.43204195205479456 0.6209332191780821 0.4234803082191781 0.6519691780821917 0.3721104452054794 0.6305650684931507 0.3389340753424658 0.6241438356164384 0.3303724315068493 0.657320205479452 0.3571275684931507 0.7140410958904109 0.37532106164383555 0.717251712328767 0.4106378424657534 0.7215325342465754 0.4266909246575342 0.7076198630136986 0.46521832191780826 0.693707191780822 0.47270976027397255 0.6658818493150684 0.48555222602739717 0.636986301369863 0.46628852739726023 0.617722602739726 0.4545162671232877 0.618792808219178
0 0.48555222602739717 0.9922945205479452 0.4919734589041095 0.96875 0.5433433219178083 0.9569777397260275 0.578660102739726 0.9719606164383562 0.5893621575342465 0.9837328767123287 0.597923801369863 0.9976455479452054
0 0.6953125 0.5695633561643836 0.6888912671232876 0.6252140410958904 0.7049443493150684 0.6551797945205479 0.7316994863013699 0.6690924657534246 0.7734375 0.6712328767123288 0.7894905821917808 0.6690924657534246 0.7916309931506849 0.6476883561643836 0.7723672945205479 0.6134417808219178 0.7638056506849316 0.5941780821917808 0.7616652397260275 0.5695633561643836 0.733839897260274 0.5438784246575342 0.712435787671233 0.5652825342465754 0.712435787671233 0.5717037671232876
0 0.9639340753424657 0.6680222602739726 0.9799871575342467 0.6541095890410958 0.9981806506849316 0.6594606164383562 0.9928296232876713 0.6819349315068493 0.9917594178082192 0.7033390410958904 0.9928296232876713 0.7215325342465754 0.9617936643835616 0.7365154109589042 0.951091609589041 0.7183219178082192 0.9500214041095891 0.6883561643835616
0 0.9168450342465754 0.028039383561643826 0.9221960616438356 0.07084760273972601 0.9414597602739725 0.08047945205479451 0.9757063356164384 0.08047945205479451 0.9810573630136986 0.06121575342465753 0.9564426369863014 0.0333904109589041 0.9232662671232876 0.01626712328767122 0.908283390410959 0.0034246575342465626
0 0.04569777397260273 0.16716609589041095 0.051048801369862985 0.1350599315068493 0.07780393835616435 0.11044520547945205 0.053189212328767076 0.07940924657534246 0.04569777397260273 0.04837328767123287 0.029644691780821873 0.008775684931506838 0.0061001712328766725 0.03660102739726026 0.009310787671232834 0.05693493150684931 0.013591609589041065 0.08369006849315067 0.011451198630136971 0.11151541095890409 0.003959760273972579 0.13398972602739725 0.034995719178082176 0.15753424657534246
