1 0.5315710616438356 0.19071061643835616 0.46200770547945214 0.4529109589041096 0.656785102739726 0.5288955479452054 0.7284888698630138 0.2752568493150685
1 0.11312071917808213 0.06442636986301369 0.16556078767123283 0.09760273972602738 0.15057791095890405 0.14041095890410957 0.2169306506849315 0.17144691780821916 0.23084332191780818 0.13613013698630136 0.3111087328767123 0.1735873287671233 0.30361729452054786 0.20034246575342465 0.3549871575342466 0.23779965753424656 0.3699700342465754 0.1928510273972603 0.4245505136986301 0.21639554794520546 0.3271618150684931 0.5620719178082192 0.021083047945205456 0.41973458904109584 0.015732020547945157 0.3951198630136986 0.051048801369862985 0.3095034246575342 0.17305222602739728 0.3694349315068493 0.20836900684931506 0.26562499999999994 0.07138270547945202 0.21104452054794515
1 0.6642765410958903 0.6327054794520548 0.6139768835616438 0.8157106164383562 0.7327696917808219 0.8767123287671232 0.7798587328767124 0.8585188356164384 0.814105308219178 0.7215325342465754
1 0.8954409246575341 0.15218321917808217 0.8836686643835616 0.24101027397260272 0.9393193493150684 0.24101027397260272 0.9532320205479452 0.168236301369863
1 0.4480950342465754 0.5363869863013698 0.4266909246575342 0.6123715753424658 0.5486943493150684 0.657320205479452 0.5636772260273972 0.5866866438356164
1 0.7488227739726027 0.30415239726027393 0.733839897260274 0.3908390410958904 0.8055436643835616 0.42722602739726023 0.814105308219178 0.3854880136986301 0.834439212328767 0.3694349315068493 0.8601241438356164 0.3073630136986301 0.8355094178082192 0.2988013698630137 0.8012628424657533 0.33732876712328763
0 0.9575128424657533 0.617722602739726 0.9254066780821917 0.6680222602739726 0.8997217465753424 0.7001284246575342 0.8740368150684932 0.7386558219178082 0.8579837328767124 0.7686215753424658 0.8515625 0.7836044520547946 0.8515625 0.8092893835616438 0.8590539383561644 0.8424657534246576 0.8665453767123287 0.8595890410958903 0.870826198630137 0.9023972602739725 0.8590539383561644 0.9452054794520548 0.8558433219178083 0.9783818493150684 0.9221960616438356 0.9922945205479452 0.9607234589041095 0.9933647260273972 0.970355308219178 0.990154109589041 0.9831977739726028 0.9559075342465754 0.9671446917808219 0.8874143835616438 0.9617936643835616 0.8456763698630138 0.9810573630136986 0.7996575342465754 0.988548801369863 0.7493578767123288 0.9896190068493151 0.7086900684931507 0.9917594178082192 0.6616010273972603
0 0.7584546232876713 0.5931078767123288 0.752033390410959 0.6241438356164384 0.754173801369863 0.6434075342465754 0.7616652397260275 0.6551797945205479 0.7916309931506849 0.6819349315068493 0.8215967465753424 0.6894263698630136 0.8312285958904109 0.6723030821917808 0.8194563356164384 0.6359160958904109 0.8194563356164384 0.6070205479452054 0.8269477739726028 0.5770547945205479 0.8355094178082192 0.5695633561643836 0.8676155821917808 0.6027397260273972 0.8783176369863014 0.617722602739726 0.8793878424657533 0.6498287671232876 0.9018621575342465 0.6305650684931507 0.9029323630136986 0.6134417808219178 0.8997217465753424 0.5663527397260274 0.8943707191780822 0.5481592465753424 0.8943707191780822 0.5267551369863013 0.9382491438356164 0.4250856164383562 0.951091609589041 0.3790667808219178 0.9660744863013699 0.3223458904109589 0.9660744863013699 0.2902397260273972 0.9478809931506849 0.2570633561643835 0.9136344178082192 0.24315068493150682 0.8793878424657533 0.26348458904109584 0.8751070205479452 0.29666095890410954 0.8793878424657533 0.35124143835616434 0.8622645547945206 0.3394691780821918 0.8472816780821917 0.383347602739726 0.8269477739726028 0.4058219178082192 0.8280179794520548 0.42936643835616434 0.8098244863013699 0.4593321917808219 0.7873501712328768 0.4475599315068493 0.771297089041096 0.42080479452054786 0.7413313356164384 0.40368150684931503 0.7188570205479452 0.4068921232876712 0.7038741438356164 0.4368578767123288 0.6888912671232876 0.4657534246575342 0.7028039383561644 0.4871575342465754 0.7220676369863014 0.501070205479452 0.7327696917808219 0.5117722602739726 0.7466823630136986 0.5246147260273972 0.7498929794520548 0.5513698630136986 0.7552440068493151 0.580265410958904
0 0.09920804794520546 0.6412671232876712 0.08743578767123283 0.598458904109589 0.09920804794520546 0.5749143835616438 0.14629708904109587 0.5567208904109588 0.1698416095890411 0.5353167808219178 0.20836900684931506 0.5652825342465754 0.2212114726027397 0.5813356164383562 0.2329837328767123 0.618792808219178 0.23405393835616434 0.6476883561643836 0.22870291095890405 0.6776541095890412 0.20836900684931506 0.6894263698630136 0.18803510273972596 0.6872859589041096 0.16235017123287668 0.675513698630137 0.12917380136986303 0.6444777397260274
0 0.20622859589041093 0.7878852739726028 0.2158604452054794 0.7846746575342466 0.24154537671232879 0.7686215753424658 0.25973886986301364 0.7279537671232876 0.2479666095890411 0.6830051369863013 0.2212114726027397 0.694777397260274 0.1891053082191781 0.7011986301369862 0.1794734589041096 0.6990582191780822 0.168771404109589 0.7215325342465754 0.16020976027397255 0.7333047945205479 0.1537885273972602 0.7589897260273972 0.18161386986301364 0.7846746575342466
0 0.21372003424657535 0.8681506849315068 0.26937071917808214 0.8617294520547946 0.26616010273972596 0.793236301369863 0.22442208904109587 0.795376712328767 0.1944563356164383 0.7910958904109588 0.19231592465753425 0.8189212328767124 0.1794734589041096 0.852097602739726 0.19017551369863012 0.8595890410958903
0 0.04569777397260273 0.9045376712328768 0.09278681506849314 0.8842037671232876 0.12061215753424656 0.8916952054794521 0.14094606164383555 0.9270119863013699 0.1784032534246575 0.9334332191780822 0.19124571917808214 0.9130993150684932 0.21479023972602737 0.8874143835616438 0.2329837328767123 0.8799229452054794 0.26937071917808214 0.8809931506849316 0.30040667808219174 0.909888698630137 0.29077482876712324 0.9377140410958903 0.29077482876712324 0.9591181506849316 0.2950556506849315 0.9965753424657533 0.04034674657534243 0.9933647260273972 0.034995719178082176 0.9430650684931507 0.037136130136986266 0.9141695205479452
0 0.26294948630136983 0.638056506849315 0.28756421232876705 0.6209332191780821 0.3357234589041096 0.597388698630137 0.3260916095890411 0.6487585616438356 0.3421446917808219 0.675513698630137 0.3400042808219178 0.7119006849315068 0.3303724315068493 0.7322345890410958 0.2993364726027397 0.7065496575342466 0.2704409246575342 0.6904965753424658 0.2511772260273973 0.6541095890410958 0.2522474315068493 0.6412671232876712
0 0.47270976027397255 0.7675513698630136 0.5165881849315068 0.7482876712328766 0.5486943493150684 0.7632705479452054 0.5465539383561644 0.8007277397260275 0.5433433219178083 0.8157106164383562 0.5358518835616438 0.8392551369863014 0.5058861301369862 0.8606592465753424 0.46842893835616445 0.8135702054794521 0.46842893835616445 0.7996575342465754 0.47270976027397255 0.793236301369863
0 0.47913099315068486 0.015196917808219166 0.501605308219178 0.044092465753424646 0.5486943493150684 0.058005136986301366 0.5872217465753424 0.04302226027397259 0.619327910958904 0.07405821917808218 0.6846104452054794 0.05907534246575341 0.7081549657534246 0.058005136986301366 0.7391909246575341 0.06763698630136986 0.7573844178082192 0.08261986301369863 0.7670162671232876 0.10402397260273973 0.7702268835616438 0.12435787671232876 0.7873501712328768 0.15539383561643835 0.792701198630137 0.15753424657534246 0.8290881849315068 0.1586044520547945 0.868685787671233 0.14362157534246572 0.8858090753424657 0.12435787671232876 0.8975813356164384 0.09546232876712328 0.9072131849315068 0.07084760273972601 0.8718964041095891 0.04837328767123287 0.8355094178082192 0.03124999999999999 0.7959118150684932 0.017337328767123274 0.7573844178082192 0.007705479452054782 0.7188570205479452 0.005565068493150674 0.6706977739726027 0.004494863013698619 0.6407320205479452 0.006635273972602727 0.5101669520547946 0.0023544520547945083 0.4919734589041095 0.007705479452054782
0 0.0061001712328766725 0.46468321917808214 0.041416952054794495 0.47645547945205474 0.05425941780821919 0.4967893835616438 0.04783818493150682 0.5246147260273972 0.04569777397260273 0.5502996575342466 0.04783818493150682 0.5898972602739726 0.0596104452054794 0.6359160958904109 0.03927654109589036 0.6776541095890412 0.014661815068493133 0.6776541095890412 0.0007491438356164171 0.6348458904109588 0.007170376712328741 0.5920376712328766 0.009310787671232834 0.5556506849315068 0.009310787671232834 0.5171232876712328 1.3877787807814458e-18 0.49167380136986305 0.0 0.49167380136986283
0 0.20836900684931506 0.023758561643835607 0.18268407534246575 0.013056506849315058 0.18054366438356162 0.03874143835616437 0.1858946917808219 0.06121575342465753 0.19873715753424656 0.07405821917808218 0.21372003424657535 0.08154965753424656 0.2329837328767123 0.08904109589041095 0.26937071917808214 0.09225171232876711 0.2779323630136986 0.08690068493150685 0.2939854452054794 0.07405821917808218 0.323951198630137 0.08476027397260273 0.3667594178082192 0.090111301369863 0.36889982876712324 0.07191780821917806 0.33465325342465746 0.05372431506849314 0.3175299657534246 0.04302226027397259 0.2961258561643835 0.021618150684931496 0.2683310909980431 0.0 0.24582619863013697 0.004494863013698619 0.21479023972602737 0.004494863013698619 0.1955265410958904 0.0034246575342465626
0 0.3742508561643835 0.17679794520547945 0.3935145547945205 0.148972602739726 0.41277825342465746 0.13184931506849312 0.4181292808219178 0.12863869863013697 0.4181292808219178 0.11579623287671233 0.4459546232876712 0.07084760273972601 0.4673587328767123 0.09225171232876711 0.4716395547945206 0.12221746575342465 0.47913099315068486 0.15325342465753425 0.48448202054794526 0.19606164383561644 0.4919734589041095 0.23458904109589035 0.4705693493150685 0.22281678082191778 0.46949914383561636 0.26348458904109584 0.4523758561643835 0.2838184931506849 0.4448844178082192 0.3009417808219178 0.43739297945205474 0.305222602739726 0.403146404109589 0.33411815068493145 0.40956763698630133 0.2838184931506849 0.4245505136986301 0.2763270547945205 0.43097174657534243 0.24529109589041093 0.4299015410958904 0.2206763698630137 0.39993578767123283 0.1875
0 0.5058861301369862 0.18428938356164384 0.49946489726027393 0.14041095890410957 0.5444135273972602 0.11579623287671233 0.5872217465753424 0.12435787671232876 0.6011344178082192 0.12863869863013697 0.6311001712328768 0.15753424657534246 0.6396618150684932 0.168236301369863 0.6621361301369862 0.18428938356164384 0.6792594178082192 0.21532534246575338 0.6642765410958903 0.23779965753424656 0.6236087328767124 0.21425513698630133 0.597923801369863 0.20034246575342465 0.5733090753424657 0.1896404109589041 0.5454837328767124 0.18428938356164384 0.5048159246575341 0.20890410958904107 0.5133775684931507 0.2549229452054794 0.48983304794520544 0.2977311643835616 0.47485017123287676 0.34696061643835613 0.4716395547945206 0.3779965753424657 0.46307791095890405 0.40475171232876705 0.45344606164383555 0.42080479452054786 0.441673801369863 0.3951198630136986 0.4502354452054794 0.3694349315068493 0.45879708904109595 0.3394691780821918 0.46842893835616445 0.3169948630136986 0.4769905821917808 0.284888698630137 0.4834118150684931 0.266695205479452 0.4930436643835616 0.25171232876712324 0.49518407534246567 0.22281678082191778
0 0.7670162671232876 0.2538527397260274 0.7391909246575341 0.2613441780821918 0.7231378424657533 0.28060787671232873 0.7327696917808219 0.2988013698630137 0.7680864726027398 0.3095034246575342 0.790560787671233 0.31378424657534243 0.8001926369863014 0.3223458904109589 0.8237371575342465 0.305222602739726 0.853702910958904 0.27204623287671226 0.832298801369863 0.2624143835616438 0.8376498287671232 0.22602739726027393 0.811964897260274 0.21853595890410954 0.8098244863013699 0.25920376712328763 0.7916309931506849 0.2506421232876712
0 0.7370505136986301 0.2131849315068493 0.7370505136986301 0.2506421232876712 0.7659460616438356 0.23994006849315067 0.7819991438356164 0.23030821917808217 0.7841395547945206 0.20676369863013697 0.7573844178082192 0.2131849315068493 0.7509631849315068 0.2206763698630137
0 0.31217893835616434 0.7622003424657534 0.3196703767123288 0.8125 0.3164597602739726 0.8360445205479452 0.3143193493150685 0.8574486301369862 0.32288099315068497 0.8670804794520548 0.34107448630136983 0.890625 0.3571275684931507 0.8842037671232876 0.3699700342465754 0.8649400684931507 0.3935145547945205 0.852097602739726 0.4106378424657534 0.852097602739726 0.42133989726027393 0.8274828767123287 0.403146404109589 0.8060787671232876 0.3710402397260274 0.7889554794520548 0.3667594178082192 0.7771832191780822 0.35284674657534243 0.7514982876712328 0.325021404109589 0.752568493150685
0 0.016802226027397227 0.3694349315068493 0.034995719178082176 0.3148544520547945 0.055329623287671215 0.29666095890410954 0.09813784246575344 0.32769691780821913 0.1430864726027397 0.34374999999999994 0.16770119863013697 0.3351883561643835 0.17305222602739728 0.30201198630136983 0.16127996575342465 0.2784674657534246 0.13024400684931506 0.2699058219178082 0.09599743150684929 0.25599315068493145 0.07673373287671233 0.24529109589041093 0.05425941780821919 0.21211472602739723 0.05425941780821919 0.19606164383561644 0.06817208904109587 0.16288527397260272 0.07780393835616435 0.13184931506849312 0.08422517123287668 0.12221746575342465 0.10348886986301364 0.08154965753424656 0.12061215753424656 0.058005136986301366 0.1644905821917808 0.090111301369863 0.1644905821917808 0.11686643835616436 0.19873715753424656 0.09653253424657533 0.1430864726027397 0.022688356164383548 0.12810359589041093 0.007705479452054782 0.06282106164383557 0.013056506849315058 0.016802226027397227 0.008775684931506838 0.003959760273972579 0.02589897260273972 0.0061001712328766725 0.12007705479452054 0.010380993150684904 0.15753424657534246 -1.3877787807814458e-18 0.24265839041095857 0.005029965753424648 0.3009417808219178 0.0 0.3562714041095888 0.0 0.42401541095890405
0 0.9650042808219178 0.0783390410958904 0.9243364726027398 0.10509417808219176 0.9232662671232876 0.1264982876712329 0.9500214041095891 0.15111301369863012 0.9628638698630138 0.1875 0.9778467465753424 0.1992722602739726 0.9938998287671232 0.20034246575342465 0.9874785958904109 0.1618150684931507 0.9981806506849316 0.12970890410958905 0.9981806506849316 0.10616438356164382 0.9984375 0.10436643835616437 0.9984375 0.07405821917808218 0.9842679794520548 0.090111301369863
0 0.7445419520547946 0.9580479452054794 0.752033390410959 0.9248715753424657 0.7638056506849316 0.9066780821917808 0.7862799657534246 0.8938356164383562 0.7894905821917808 0.9023972602739725 0.7980522260273972 0.9109589041095891 0.7959118150684932 0.9345034246575341 0.7841395547945206 0.9676797945205479 0.7638056506849316 0.9698202054794521
0 0.556185787671233 0.9698202054794521 0.5743792808219178 0.9633989726027398 0.600064212328767 0.9676797945205479 0.6182577054794521 0.9741010273972602 0.638591609589041 0.9719606164383562 0.657855308219178 0.9591181506849316 0.6717679794520548 0.9623287671232876 0.6599957191780822 0.988013698630137 0.6524147727272726 0.9984375 0.6118364726027398 0.9984375 0.558326198630137 0.9955051369863014 0.5572559931506849 0.9805222602739725
1 0.3464255136986301 0.9976455479452054 0.4042166095890411 0.8681506849315068 0.5486943493150684 0.9826626712328768
