1 0.6225385273972602 0.7643407534246575 0.6749785958904109 0.7472174657534246 0.6653467465753424 0.6808647260273972 0.6246789383561644 0.675513698630137 0.597923801369863 0.6541095890410958 0.600064212328767 0.6209332191780821 0.5486943493150684 0.6316352739726028 0.5508347602739725 0.6305650684931507 0.5508347602739725 0.695847602739726 0.5026755136986301 0.7193921232876712 0.5101669520547946 0.8060787671232876 0.5626070205479452 0.794306506849315 0.5765196917808219 0.8660102739726027 0.6332405821917808 0.8488869863013699
1 0.6321703767123287 0.518193493150685 0.6514340753424657 0.4689640410958904 0.7060145547945206 0.48608732876712324 0.7135059931506849 0.4497003424657534 0.6546446917808219 0.40796232876712324 0.6696275684931507 0.363013698630137 0.8023330479452054 0.4315068493150685 0.775577910958904 0.5856164383561644
1 0.830158390410959 0.5321061643835616 0.8633347602739725 0.40368150684931503 0.948951198630137 0.43899828767123283 0.9211258561643836 0.5727739726027397 0.8397902397260275 0.539597602739726
1 0.8076840753424657 0.7472174657534246 0.712435787671233 0.9976455479452054 0.8098244863013699 0.9976455479452054 0.8751070205479452 0.8092893835616438
1 0.9221960616438356 0.6262842465753424 0.8975813356164384 0.7193921232876712 0.9596532534246576 0.7504280821917808 0.9789169520547946 0.7407962328767124 0.990689212328767 0.6808647260273972
1 0.0007491438356164171 0.8232020547945206 0.07887414383561638 0.7097602739726028 0.1473672945205479 0.8167808219178083 0.0852953767123287 0.9345034246575341 -1.1102230246251566e-17 0.8278842037671232
1 0.11526113013698627 0.6262842465753424 0.12275256849315061 0.6690924657534246 0.13345462328767121 0.7193921232876712 0.14522688356164384 0.716181506849315 0.17198202054794515 0.7247431506849316 0.17733304794520546 0.734375 0.20622859589041093 0.7268835616438356 0.19873715753424656 0.6872859589041096 0.20622859589041093 0.6616010273972603 0.2158604452054794 0.6594606164383562 0.23940496575342465 0.674443493150685 0.2426155821917808 0.6466181506849316 0.24047517123287668 0.615582191780822 0.22870291095890405 0.5856164383561644 0.23833476027397255 0.561001712328767 0.2158604452054794 0.5481592465753424 0.18054366438356162 0.538527397260274
1 0.323951198630137 0.06763698630136986 0.3731806506849315 0.01626712328767122 0.37853167808219174 0.05586472602739725 0.37853167808219174 0.07726883561643835 0.41170804794520544 0.15325342465753425 0.4341823630136986 0.1382705479452055 0.46200770547945214 0.1800085616438356 0.4513056506849315 0.20462328767123283 0.5080265410958903 0.2645547945205479 0.5176583904109588 0.23779965753424656 0.5379922945205479 0.26348458904109584 0.5090967465753424 0.34160958904109584 0.4737799657534246 0.30415239726027393 0.4759203767123287 0.28060787671232873 0.42776113013698625 0.23244863013698627 0.4138484589041096 0.24636130136986298 0.3892337328767123 0.21104452054794515 0.4042166095890411 0.19820205479452052 0.3603381849315069 0.1264982876712329 0.35284674657534243 0.1254280821917808
1 0.20408818493150688 0.266695205479452 0.246896404109589 0.1875 0.3421446917808219 0.3084332191780822 0.3892337328767123 0.3737157534246575 0.4331121575342466 0.4368578767123288 0.3935145547945205 0.4967893835616438
1 0.18803510273972596 0.4250856164383562 0.2201412671232877 0.38120719178082185 0.27151113013698625 0.45184075342465746 0.24368578767123283 0.5032106164383562
0 0.3485659246575342 0.7011986301369862 0.32823202054794515 0.6830051369863013 0.31860017123287665 0.6658818493150684 0.31324914383561636 0.6316352739726028 0.32288099315068497 0.597388698630137 0.34107448630136983 0.5577910958904109 0.35926797945205474 0.5577910958904109 0.37853167808219174 0.5631421232876712 0.3860231164383562 0.5888270547945205 0.3731806506849315 0.6102311643835616 0.36889982876712324 0.6252140410958904 0.3667594178082192 0.6530393835616438 0.3721104452054794 0.6701626712328766 0.36461900684931503 0.6915667808219178
0 0.33786386986301364 0.734375 0.3260916095890411 0.752568493150685 0.3078981164383562 0.7975171232876712 0.2704409246575342 0.8264126712328768 0.2672303082191781 0.8371147260273972 0.24582619863013697 0.8660102739726027 0.26937071917808214 0.9141695205479452 0.2993364726027397 0.9323630136986301 0.31003852739726023 0.9526969178082192 0.33144263698630133 0.9773116438356164 0.3357234589041096 0.9922945205479452 0.3549871575342466 0.9848030821917808 0.3603381849315069 0.9655393835616438 0.363548801369863 0.9441352739726027 0.37853167808219174 0.9377140410958903 0.3913741438356165 0.931292808219178 0.40100599315068497 0.9419948630136986 0.4181292808219178 0.9216609589041095 0.4384631849315069 0.871361301369863 0.4406035958904109 0.8542380136986301 0.43739297945205474 0.833904109589041 0.4363227739726027 0.8199914383561644 0.4491652397260274 0.7846746575342466 0.45558647260273977 0.7622003424657534 0.46200770547945214 0.735445205479452 0.45344606164383555 0.7033390410958904 0.41598886986301364 0.6883561643835616 0.3956549657534246 0.674443493150685 0.36889982876712324 0.7001284246575342 0.36568921232876705 0.7086900684931507 0.34963613013698625 0.7226027397260274 0.3207405821917808 0.7386558219178082
0 0.5519049657534246 0.3533818493150685 0.5529751712328768 0.3876284246575342 0.5529751712328768 0.4111729452054794 0.5551155821917808 0.4325770547945205 0.5551155821917808 0.45505136986301364 0.49946489726027393 0.46468321917808214 0.48555222602739717 0.4892979452054794 0.48448202054794526 0.501070205479452 0.5069563356164384 0.5331763698630136 0.5187285958904109 0.540667808219178 0.5294306506849316 0.5567208904109588 0.5305008561643836 0.5717037671232876 0.5305008561643836 0.5888270547945205 0.5283604452054794 0.5995291095890412 0.5572559931506849 0.6145119863013698 0.5679580479452054 0.6123715753424658 0.600064212328767 0.617722602739726 0.6139768835616438 0.6316352739726028 0.6268193493150684 0.6434075342465754 0.655714897260274 0.6209332191780821 0.656785102739726 0.5952482876712328 0.6407320205479452 0.558861301369863 0.634310787671233 0.5310359589041096 0.6203981164383562 0.5171232876712328 0.6203981164383562 0.4657534246575342 0.6278895547945206 0.4561215753424658 0.638591609589041 0.4336472602739726 0.6460830479452054 0.39619006849315064 0.6535744863013699 0.3779965753424657 0.6621361301369862 0.33732876712328763 0.6717679794520548 0.31806506849315064 0.6888912671232876 0.2645547945205479 0.6482234589041095 0.2538527397260274 0.6214683219178083 0.2602739726027397 0.5947131849315068 0.2816780821917808 0.577589897260274 0.3287671232876712 0.5700984589041095 0.33411815068493145 0.5401327054794521 0.3523116438356164
0 0.6182577054794521 0.1372003424657534 0.5893621575342465 0.1607448630136986 0.5904323630136986 0.18428938356164384 0.6032748287671232 0.19606164383561644 0.636451198630137 0.20997431506849312 0.6396618150684932 0.20141267123287668 0.655714897260274 0.18428938356164384 0.657855308219178 0.16502568493150685 0.6375214041095891 0.14790239726027396
0 0.7284888698630138 0.285958904109589 0.7113655821917808 0.30308219178082185 0.7156464041095891 0.3212756849315068 0.7295590753424657 0.3555222602739726 0.7488227739726027 0.34374999999999994 0.7573844178082192 0.33411815068493145 0.7498929794520548 0.30629280821917804 0.7434717465753424 0.29666095890410954
0 0.638591609589041 0.7910958904109588 0.6418022260273972 0.8039383561643836 0.6428724315068493 0.831763698630137 0.636451198630137 0.8478167808219178 0.6139768835616438 0.8745719178082192 0.5733090753424657 0.869220890410959 0.5529751712328768 0.8799229452054794 0.5529751712328768 0.8916952054794521 0.5486943493150684 0.9109589041095891 0.5433433219178083 0.9377140410958903 0.5818707191780822 0.966609589041096 0.6032748287671232 0.9826626712328768 0.6203981164383562 0.9837328767123287 0.657855308219178 0.9751712328767124 0.6632063356164384 0.9280821917808219 0.6824700342465754 0.9066780821917808 0.7049443493150684 0.9141695205479452 0.7199272260273972 0.9056078767123287 0.7102953767123287 0.8788527397260275 0.7102953767123287 0.8488869863013699 0.7209974315068493 0.8264126712328768 0.735980308219178 0.8125 0.7466823630136986 0.8007277397260275 0.7477525684931507 0.772902397260274 0.7424015410958903 0.752568493150685 0.7177868150684932 0.7589897260273972 0.6921018835616438 0.795376712328767 0.6674871575342465 0.7675513698630136 0.6482234589041095 0.7600599315068493 0.6321703767123287 0.7696917808219178
1 0.037136130136986266 0.02054794520547944 0.07994434931506848 0.03660102739726026 0.08101455479452051 0.06977739726027396 0.07138270547945202 0.12863869863013697 0.0596104452054794 0.18321917808219176 0.057470034246575354 0.23886986301369859 0.09813784246575344 0.25599315068493145 0.14415667808219174 0.02589897260273972
1 0.00288955479452051 0.284888698630137 0.041416952054794495 0.2977311643835616 0.051048801369862985 0.2549229452054794 0.09064640410958899 0.2784674657534246 0.07887414383561638 0.3523116438356164 0.06389126712328767 0.39190924657534243 0.037136130136986266 0.42936643835616434 0.016802226027397227 0.46040239726027393 0.003959760273972579 0.44541952054794515 0.015732020547945157 0.422945205479452 0.013591609589041065 0.4068921232876712 0.0 0.3573798312133074 0.0061001712328766725 0.3234160958904109
0 0.3303724315068493 0.10616438356164382 0.29719606164383555 0.10295376712328766 0.29719606164383555 0.14148116438356165 0.2993364726027397 0.17893835616438356 0.31217893835616434 0.20676369863013697 0.3260916095890411 0.22816780821917804 0.3389340753424658 0.2506421232876712 0.34963613013698625 0.2816780821917808 0.3678296232876712 0.30201198630136983 0.38174229452054786 0.30308219178082185 0.4106378424657534 0.3148544520547945 0.42133989726027393 0.324486301369863 0.43097174657534243 0.35124143835616434 0.4459546232876712 0.3683647260273972 0.46842893835616445 0.3523116438356164 0.480201198630137 0.3319777397260274 0.4759203767123287 0.2988013698630137 0.4502354452054794 0.2581335616438356 0.43739297945205474 0.2613441780821918 0.4234803082191781 0.2624143835616438 0.40100599315068497 0.24529109589041093 0.3721104452054794 0.2035530821917808 0.3699700342465754 0.18428938356164384 0.3549871575342466 0.1425513698630137 0.3464255136986301 0.12863869863013697
