1 0.1066994863013698 0.27204623287671226 0.2618792808219178 0.305222602739726 0.20194777397260272 0.7086900684931507 0.02429366438356162 0.6851455479452054 0.04355736301369859 0.5363869863013698 0.06817208904109587 0.5149828767123288
1 0.41598886986301364 0.24315068493150682 0.4052868150684931 0.2816780821917808 0.3924443493150685 0.29452054794520544 0.3988655821917808 0.32662671232876705 0.3924443493150685 0.3897688356164383 0.3988655821917808 0.4090325342465754 0.6535744863013699 0.45505136986301364 0.6792594178082192 0.2838184931506849
1 0.7028039383561644 0.2752568493150685 0.6771190068493151 0.41759417808219174 0.6867508561643836 0.44541952054794515 0.9371789383561644 0.5 0.9735659246575341 0.3779965753424657 0.9789169520547946 0.3298373287671233
1 0.4523758561643835 0.1446917808219178 0.48876284246575336 0.10723458904109588 0.6792594178082192 0.12221746575342465 0.6525042808219178 0.2570633561643835 0.4502354452054794 0.227097602739726
1 0.3731806506849315 0.5727739726027397 0.6118364726027398 0.6294948630136986 0.5882919520547946 0.7889554794520548 0.34749571917808214 0.7365154109589042 0.3485659246575342 0.6808647260273972 0.34107448630136983 0.6680222602739726 0.34321489726027393 0.6273544520547946 0.35284674657534243 0.6273544520547946
1 0.6086258561643836 0.8178510273972602 0.8622645547945206 0.8563784246575341 0.8312285958904109 0.9890839041095891 0.5818707191780822 0.9430650684931507
1 0.3796018835616438 0.7771832191780822 0.5743792808219178 0.8157106164383562 0.5668878424657533 0.947345890410959 0.3196703767123288 0.9109589041095891 0.3325128424657534 0.8403253424657533
0 0.022153253424657526 0.6990582191780822 0.10991010273972597 0.7140410958904109 0.1634203767123287 0.715111301369863 0.1784032534246575 0.7311643835616438 0.18803510273972596 0.7782534246575342 0.2105094178082192 0.7675513698630136 0.2329837328767123 0.7472174657534246 0.2672303082191781 0.7375856164383562 0.31860017123287665 0.7365154109589042 0.3678296232876712 0.7664811643835616 0.3560573630136986 0.7975171232876712 0.3303724315068493 0.8264126712328768 0.3175299657534246 0.8478167808219178 0.31003852739726023 0.8606592465753424 0.3078981164383562 0.8895547945205479 0.3164597602739726 0.9205907534246576 0.305757705479452 0.9452054794520548 0.26616010273972596 0.9441352739726027 0.25331763698630133 0.9377140410958903 0.24047517123287668 0.9141695205479452 0.24903681506849312 0.8959760273972602 0.24047517123287668 0.8702910958904109 0.2158604452054794 0.869220890410959 0.21372003424657535 0.8777825342465754 0.2105094178082192 0.8970462328767124 0.19124571917808214 0.9130993150684932 0.14522688356164384 0.9248715753424657 0.08636558219178081 0.930222602739726 0.06817208904109587 0.9323630136986301 0.026434075342465713 0.930222602739726 0.0007491438356164171 0.9334332191780822 0.005029965753424648 0.9152397260273972 0.010380993150684904 0.9002568493150684 0.009310787671232834 0.8585188356164384 0.007170376712328741 0.8306934931506849 0.007170376712328741 0.8028681506849316 0.009310787671232834 0.7900256849315068 0.011451198630136971 0.7568493150684932 0.011451198630136971 0.734375
0 0.06603167808219172 0.04837328767123287 0.055329623287671215 0.09439212328767123 0.07887414383561638 0.11044520547945205 0.11954195205479445 0.148972602739726 0.13345462328767121 0.20248287671232873 0.19124571917808214 0.21960616438356162 0.24582619863013697 0.27311643835616434 0.2897046232876712 0.2699058219178082 0.3453553082191781 0.2763270547945205 0.41170804794520544 0.2313784246575342 0.42562071917808214 0.2035530821917808 0.42241010273972596 0.1660958904109589 0.43204195205479456 0.12970890410958905 0.4448844178082192 0.11579623287671233 0.45879708904109595 0.12435787671232876 0.4641481164383562 0.12221746575342465 0.47806078767123295 0.10723458904109588 0.4769905821917808 0.09974315068493149 0.4737799657534246 0.07940924657534246 0.47270976027397255 0.05907534246575341 0.5101669520547946 0.06335616438356163 0.5476241438356164 0.06656678082191779 0.5658176369863014 0.04944349315068493 0.5508347602739725 0.03232020547945204 0.49839469178082185 0.02482876712328766 0.46200770547945214 0.011986301369863003 0.42241010273972596 0.03232020547945204 0.403146404109589 0.06763698630136986 0.3828125 0.041952054794520535 0.3678296232876712 0.013056506849315058 0.3367936643835616 0.004494863013698619 0.29719606164383555 0.0034246575342465626 0.27258133561643827 0.013056506849315058 0.25652825342465746 0.02696917808219177 0.2158604452054794 0.044092465753424646 0.19338613013698627 0.04944349315068493 0.1644905821917808 0.05907534246575341 0.1634203767123287 0.03232020547945204 0.1473672945205479 0.013056506849315058 0.11419092465753425 0.014126712328767114 0.06603167808219172 0.028039383561643826 0.06924229452054789 0.03767123287671232
0 0.9660744863013699 0.030179794520547937 0.9371789383561644 0.07726883561643835 0.9179152397260275 0.11365582191780821 0.912564212328767 0.14041095890410957 0.9436001712328768 0.21211472602739723 0.9500214041095891 0.23565924657534243 0.9874785958904109 0.26883561643835613 0.9984375 0.24691780821917816 0.9789169520547946 0.1896404109589041 0.9735659246575341 0.1607448630136986 0.9896190068493151 0.11793664383561644 0.990689212328767 0.09225171232876711 0.9928296232876713 0.05693493150684931 0.9810573630136986 0.03232020547945204
0 0.6910316780821917 0.616652397260274 0.6460830479452054 0.6476883561643836 0.6428724315068493 0.6723030821917808 0.6460830479452054 0.7140410958904109 0.656785102739726 0.7418664383561644 0.693172089041096 0.753638698630137 0.7584546232876713 0.7279537671232876 0.7627354452054794 0.7076198630136986 0.7648758561643836 0.6787243150684932 0.734910102739726 0.6434075342465754 0.7188570205479452 0.6241438356164384
0 0.813035102739726 0.6830051369863013 0.8001926369863014 0.715111301369863 0.7787885273972602 0.7300941780821917 0.7552440068493151 0.7557791095890412 0.714576198630137 0.7664811643835616 0.7135059931506849 0.7964469178082192 0.7627354452054794 0.8114297945205479 0.8269477739726028 0.7996575342465754 0.8430008561643836 0.8071489726027398 0.8879494863013699 0.8467465753424657 0.892230308219178 0.8563784246575341 0.9403895547945206 0.8938356164383562 0.9778467465753424 0.9088184931506849 0.9660744863013699 0.8745719178082192 0.9724957191780822 0.8403253424657533 0.9981806506849316 0.8050085616438356 0.951091609589041 0.7793236301369862 0.9500214041095891 0.7622003424657534 0.9521618150684932 0.7365154109589042 0.9478809931506849 0.7033390410958904 0.9457405821917808 0.6797945205479452 0.9168450342465754 0.6648116438356164 0.9040025684931507 0.6797945205479452 0.8868792808219178 0.6894263698630136 0.8622645547945206 0.695847602739726 0.8472816780821917 0.6819349315068493 0.834439212328767 0.6712328767123288
1 0.05425941780821919 0.2773972602739726 0.1323844178082192 0.1917808219178082 0.10562928082191778 0.15967465753424656 0.06924229452054789 0.11365582191780821 0.057470034246575354 0.08583047945205478 0.015732020547945157 0.13398972602739725 0.0 0.155517754145638
1 0.39672517123287665 0.41438356164383555 0.6492936643835616 0.4657534246575342 0.6268193493150684 0.6230736301369862 0.3699700342465754 0.5652825342465754
1 0.849422089041096 0.9462756849315068 0.8644049657534246 0.9163099315068493 0.8825984589041095 0.9452054794520548 0.8825984589041095 0.9537671232876713 0.8697559931506849 0.9890839041095891 0.8526327054794521 0.9848030821917808 0.8430008561643836 0.9580479452054794
0 0.2779323630136986 0.5567208904109588 0.2800727739726027 0.5321061643835616 0.2800727739726027 0.5160530821917808 0.29077482876712324 0.4871575342465754 0.30254708904109584 0.47003424657534243 0.31324914383561636 0.46040239726027393 0.3421446917808219 0.45505136986301364 0.35926797945205474 0.4743150684931507 0.3624785958904109 0.49785958904109584 0.35926797945205474 0.5214041095890412 0.3517765410958904 0.5556506849315068 0.3517765410958904 0.5834760273972602 0.3389340753424658 0.598458904109589 0.3143193493150685 0.597388698630137 0.3260916095890411 0.6444777397260274 0.30254708904109584 0.6669520547945205 0.29719606164383555 0.6209332191780821 0.2982662671232877 0.5845462328767124
